0	4339.0	1610.0	3571.0	3507.0						
1	3241.0									
8	1839.0									
14	3952.0	3519.0	3382.0							
23	1499.0									
25	3300.0									
29	4000.0									
30	1122.0									
33	2577.0									
37	1603.0	833.0	3197.0							
47	2027.0	3196.0	1054.0							
49	3565.0									
54	4422.0									
58	782.0									
60	3196.0									
62	3628.0									
64	4465.0									
67	359.0									
70	3656.0									
73	611.0									
75	3241.0									
76	2484.0									
78	1127.0									
80	3170.0	152.0	1575.0	3452.0	1692.0					
86	2305.0									
88	1540.0									
93	3075.0									
94	3522.0									
98	27.0									
99	4459.0									
102	3401.0	893.0								
109	393.0	534.0	3669.0	2131.0	3324.0	3401.0	3739.0	330.0		
110	4562.0									
111	3450.0									
112	1540.0	2853.0	4744.0	189.0	3109.0					
116	3546.0	3967.0	2358.0	2159.0	1110.0	893.0				
120	808.0									
127	2740.0									
129	493.0									
132	1835.0	1355.0								
134	1073.0									
135	3562.0	2410.0	1127.0	2411.0						
136	1646.0									
139	3012.0									
144	4423.0									
145	3401.0	2187.0								
146	2577.0									
147	3075.0									
148	3241.0									
152	4422.0	3116.0	2956.0	2136.0	2521.0					
157	2816.0									
159	3197.0									
163	894.0									
164	821.0									
167	4401.0									
168	2860.0									
169	2920.0	4548.0								
173	1428.0	2148.0								
174	2105.0									
175	1799.0									
177	4000.0									
178	2385.0									
181	1116.0									
187	1858.0	535.0								
188	4212.0									
191	2358.0									
192	4122.0	3135.0								
194	2848.0									
195	456.0									
200	3422.0									
201	4466.0									
205	863.0	1889.0								
208	4744.0									
212	3241.0	893.0								
213	4562.0									
215	3399.0									
218	402.0									
219	2730.0	1348.0	3135.0	985.0						
220	4158.0									
221	3999.0									
223	1203.0									
230	4059.0									
231	3753.0									
232	1390.0									
236	2890.0	4081.0	3153.0	4523.0	92.0	4426.0				
237	2632.0	67.0	1596.0							
238	4000.0	1825.0	1104.0	3999.0	4670.0					
239	591.0	2037.0	3433.0	1883.0	1644.0	2577.0	3285.0	2517.0	2922.0	4572.0
240	2577.0									
246	3241.0									
247	4659.0	1218.0	4422.0	4345.0	618.0	2808.0				
248	2273.0									
252	4422.0									
253	4190.0									
261	3947.0	3008.0	246.0	3818.0						
267	4308.0									
268	3241.0									
270	2092.0									
272	1624.0									
273	989.0									
276	2639.0									
282	3197.0									
283	1139.0									
286	3431.0									
289	337.0									
294	3197.0									
298	893.0									
300	3241.0									
301	1860.0	613.0								
302	3507.0									
303	893.0									
305	183.0									
306	930.0	3615.0	653.0	436.0						
309	2740.0									
310	1893.0	2690.0	4028.0	4423.0	3197.0	436.0	1309.0	2763.0	754.0	
312	1236.0	3385.0								
313	3119.0									
314	77.0									
321	2542.0	2883.0	760.0							
322	3436.0	590.0	908.0	3024.0	4339.0	3293.0	3578.0	475.0	2881.0	
323	399.0									
326	2973.0									
328	2846.0									
329	1761.0	3523.0								
331	3669.0									
332	1578.0									
334	997.0									
335	1236.0									
344	358.0									
355	1371.0									
357	2039.0									
358	2730.0									
359	3743.0	295.0								
361	1203.0									
365	1373.0									
367	2851.0	3866.0	1087.0	4217.0	77.0	3392.0	3411.0	3093.0	3401.0	1986.0
370	865.0									
371	2421.0	1264.0								
372	3521.0	931.0	3567.0	4213.0	16.0	1203.0	378.0	1476.0	2748.0	
376	2578.0									
382	1436.0									
392	1835.0									
394	3972.0									
395	2382.0									
396	3452.0									
398	2540.0	4689.0	3233.0							
401	1073.0									
402	1540.0									
403	457.0									
404	2333.0									
405	4562.0	765.0								
407	4179.0	2135.0	1763.0							
409	1759.0	2740.0	803.0	118.0						
417	2005.0									
420	4423.0	3459.0	3378.0							
423	1945.0									
424	2590.0									
429	4459.0									
431	3329.0									
432	3921.0									
434	3221.0	3175.0	714.0	3196.0						
437	3866.0	4576.0								
442	3329.0									
443	1285.0									
444	375.0									
453	3385.0									
454	2577.0	1610.0								
455	2159.0									
456	375.0									
478	4401.0									
479	2131.0									
484	4467.0									
486	4659.0									
488	1196.0									
489	3972.0									
490	670.0	3657.0								
491	4603.0									
494	4079.0									
496	3967.0	2920.0	1954.0							
498	2681.0									
499	3401.0	1691.0								
500	3534.0									
501	268.0									
502	4670.0	1314.0								
505	1369.0	1578.0	3385.0	1596.0	855.0	3267.0				
507	2577.0									
511	1012.0									
512	3571.0	4449.0								
519	208.0									
520	1879.0									
522	2520.0	3385.0								
525	2430.0									
528	4212.0	1610.0	1169.0	4250.0	3856.0					
533	4449.0									
534	1373.0									
535	950.0									
542	2881.0									
548	941.0									
550	1540.0									
553	4273.0									
554	318.0	2408.0	1831.0	4761.0						
559	475.0									
562	2920.0	4122.0								
565	1759.0									
566	378.0									
568	3241.0									
569	223.0									
571	1348.0	2542.0	1902.0							
573	2906.0									
578	1950.0									
579	816.0									
580	816.0									
582	3285.0	357.0	4483.0							
583	3714.0	3669.0	3866.0	2131.0	2507.0	4009.0				
585	2740.0									
587	893.0									
590	1540.0									
592	2956.0									
594	3871.0									
599	3153.0									
602	816.0									
603	2840.0	4523.0								
605	2986.0									
610	273.0	414.0	3009.0	3197.0	3164.0	4548.0	3841.0	1603.0	816.0	1139.0
611	714.0									
614	1373.0									
615	27.0									
620	3135.0									
622	2362.0									
625	616.0									
629	4548.0	1619.0								
631	730.0									
635	2163.0									
638	3291.0									
641	402.0									
642	3399.0									
647	1759.0	223.0								
649	3300.0	1166.0	1645.0	4768.0	3267.0	1798.0				
650	3274.0	67.0	1763.0	956.0	187.0					
651	1048.0	718.0	3385.0							
654	421.0	2105.0								
656	3192.0	436.0	3196.0	223.0	2697.0					
658	4235.0									
667	2188.0									
672	3401.0									
677	4548.0									
681	206.0	1783.0	1822.0	4509.0	1041.0	475.0	4228.0	4271.0		
682	74.0	343.0	1999.0	247.0						
684	3567.0									
686	4465.0									
689	3940.0									
692	3197.0									
696	2659.0									
698	1105.0									
699	1803.0									
702	760.0	2319.0	2763.0	842.0	1099.0	2484.0	1960.0	2918.0	1254.0	2748.0
711	4366.0									
713	2553.0									
715	77.0									
721	3490.0									
725	3275.0	1548.0								
726	3999.0									
729	2305.0									
731	2273.0									
734	1135.0									
735	3385.0									
736	1139.0									
737	1252.0									
738	4401.0									
743	3197.0	4402.0	3422.0							
744	2362.0	2954.0	1540.0	4112.0	284.0	2299.0	4615.0			
749	4422.0									
752	3011.0	4423.0	3378.0	74.0	930.0	24.0				
754	3901.0									
756	3999.0	1945.0	1224.0	1566.0	4380.0	2219.0				
757	2612.0	2219.0	3615.0	2305.0	1857.0	1891.0	649.0	2358.0	2697.0	362.0
758	2981.0	2092.0	1392.0							
761	997.0									
765	1300.0	2750.0	2331.0	1799.0	250.0					
767	2092.0									
775	436.0	358.0	671.0	284.0	1835.0	3507.0	1110.0	3534.0	3522.0	1236.0
776	4627.0									
779	1884.0									
780	4748.0									
781	295.0									
783	4467.0									
786	3348.0									
790	947.0	24.0	1499.0	1945.0	3811.0	1502.0				
792	375.0									
795	1624.0	1610.0	421.0							
796	132.0									
808	3399.0									
809	1686.0									
812	2092.0									
817	3274.0	158.0	3366.0	2131.0	3489.0	3267.0				
819	2025.0									
820	2540.0									
821	3011.0									
824	1952.0	1253.0	583.0	4418.0						
826	3267.0									
833	3972.0									
835	375.0									
837	78.0	2987.0	3787.0							
841	4548.0									
844	3023.0									
845	4449.0									
852	1954.0	3615.0	247.0							
858	2577.0									
860	1096.0	2149.0								
861	1948.0									
865	1030.0	4159.0	2881.0	3368.0	528.0	2128.0	752.0	1699.0	997.0	522.0
866	3197.0									
867	1540.0									
868	493.0									
872	208.0									
874	1676.0									
875	247.0									
879	3253.0	2060.0								
882	3075.0	328.0								
883	1505.0	997.0	3401.0							
889	1390.0									
890	4423.0									
894	3669.0									
895	1540.0									
897	3667.0									
899	375.0	1902.0								
903	3972.0	132.0								
909	1763.0	2079.0								
913	2092.0									
916	1835.0									
924	1108.0	3658.0	1165.0	2314.0	546.0	3538.0	399.0	782.0		
926	2542.0									
927	4548.0	4744.0								
928	1540.0									
931	3967.0									
933	3866.0	350.0	1699.0	3291.0	269.0					
934	396.0									
937	375.0									
938	2094.0									
940	4103.0									
947	539.0	2598.0	2459.0	3671.0	4029.0					
954	247.0									
955	1238.0	1105.0	3241.0	1835.0						
958	291.0	1540.0								
960	3060.0									
962	1285.0									
963	1902.0									
967	3866.0	3516.0	857.0	3972.0						
969	4485.0									
972	1578.0									
973	2305.0									
974	4548.0									
976	1540.0									
977	2921.0									
980	801.0									
983	2542.0									
984	1073.0	4216.0	359.0	1253.0						
994	782.0									
996	1711.0									
998	4562.0									
1001	2476.0									
1004	421.0									
1005	2646.0	4670.0								
1006	1578.0									
1007	4001.0									
1009	3196.0									
1012	1077.0	4523.0	4401.0	1954.0						
1016	2305.0									
1017	419.0									
1023	3053.0	765.0								
1024	838.0									
1026	311.0	1210.0	3948.0	2655.0						
1029	3615.0									
1031	838.0									
1032	3613.0									
1035	3274.0	3865.0	540.0							
1036	79.0									
1037	1218.0									
1041	2651.0									
1044	1348.0									
1047	1373.0	475.0								
1055	2393.0									
1057	2142.0									
1058	522.0									
1066	3972.0	1897.0								
1075	157.0	2763.0	3569.0	3109.0	1499.0	3373.0	3559.0	1635.0	893.0	3467.0
1078	893.0									
1079	2206.0									
1088	2372.0									
1100	3859.0									
1107	2362.0									
1108	1879.0									
1112	3972.0	3464.0	3740.0	605.0						
1115	893.0	2092.0								
1116	931.0									
1117	2660.0	522.0								
1120	4751.0									
1121	2239.0									
1125	1572.0									
1132	4122.0									
1135	378.0	375.0	4303.0							
1137	4553.0									
1138	2740.0	3197.0	930.0							
1142	3197.0									
1145	2166.0									
1153	2959.0									
1158	4159.0									
1160	2993.0									
1163	4727.0	265.0	3254.0	1738.0	519.0	3522.0				
1165	1711.0									
1169	1945.0	3197.0	3211.0	1594.0	2578.0					
1172	1196.0									
1173	4467.0									
1175	9.0									
1180	375.0									
1181	1474.0	3567.0								
1183	1954.0									
1185	4670.0									
1187	3218.0	3714.0	4422.0	459.0	546.0					
1188	4670.0									
1189	3912.0									
1195	3574.0	4553.0	631.0	2674.0	2433.0					
1198	3395.0									
1199	1954.0									
1200	1129.0	4401.0	375.0							
1201	2740.0									
1203	2987.0									
1208	3546.0									
1209	1502.0									
1210	1196.0	161.0								
1216	5.0									
1218	4756.0	4420.0								
1223	4273.0	2846.0								
1224	1835.0									
1226	2105.0									
1235	3871.0	256.0	1105.0	4339.0						
1238	4422.0									
1243	2092.0									
1244	436.0									
1246	2967.0									
1255	2151.0									
1256	3197.0	3569.0	2178.0							
1257	2058.0	3565.0	1216.0	1702.0	2965.0	2946.0	3220.0	2799.0	2153.0	4640.0
1259	1126.0									
1264	1122.0									
1268	1610.0									
1272	2150.0									
1274	2525.0									
1278	3241.0									
1281	1096.0	3522.0	3401.0	3241.0	4072.0	997.0	2705.0	169.0	4380.0	4100.0
1284	487.0									
1285	1999.0									
1288	1348.0	1007.0								
1289	3489.0	3401.0	3628.0							
1290	4395.0									
1291	1578.0	4122.0								
1292	997.0									
1293	3566.0	25.0	501.0	2763.0	4089.0					
1294	3921.0	838.0	3160.0	3268.0	4306.0	2386.0	4406.0			
1295	2092.0									
1300	1745.0									
1306	92.0									
1307	1118.0									
1309	3534.0									
1311	360.0	1218.0	4054.0							
1313	996.0	1983.0	2378.0							
1318	842.0	3522.0	2139.0	512.0	342.0					
1321	2748.0	3930.0								
1327	4504.0	1759.0								
1331	3154.0									
1332	1540.0									
1333	3866.0									
1337	2577.0									
1338	3191.0									
1346	1999.0									
1349	1366.0									
1353	1540.0									
1359	893.0									
1361	2202.0	1373.0	4562.0	3613.0	3791.0	1441.0	2639.0	4467.0		
1362	1203.0									
1364	2804.0									
1367	421.0									
1370	4545.0									
1371	2517.0									
1378	3952.0									
1379	2173.0	3534.0								
1380	4529.0									
1385	173.0	4266.0	3122.0	1196.0						
1388	2362.0									
1389	4333.0									
1390	4395.0									
1393	4491.0									
1395	981.0									
1397	358.0									
1398	1578.0	1116.0	247.0	2807.0	4744.0					
1399	3544.0									
1400	1436.0	1553.0	4339.0	1578.0	3241.0					
1402	248.0									
1405	1203.0	46.0								
1407	535.0									
1409	2875.0	2390.0	1628.0	2712.0	419.0	1560.0	4675.0	4553.0	3144.0	3450.0
1410	4467.0									
1414	1348.0									
1416	4122.0									
1418	283.0	2560.0	2975.0							
1419	535.0									
1420	1006.0									
1423	4401.0									
1427	4402.0									
1430	3291.0									
1437	3952.0	1122.0								
1439	949.0									
1440	3822.0	1366.0								
1442	1118.0									
1444	1540.0	1610.0								
1445	161.0	3664.0								
1446	911.0									
1448	3241.0									
1454	3656.0									
1455	3638.0									
1459	1499.0									
1460	1139.0									
1462	4401.0									
1468	900.0	2612.0	1763.0	1542.0	4606.0	378.0				
1469	4251.0									
1471	4562.0	350.0	160.0	1945.0	1600.0					
1473	4380.0									
1474	3160.0									
1476	2122.0									
1477	3183.0	2966.0	2707.0	1998.0	4541.0	4401.0	3023.0	223.0		
1482	3450.0	1834.0	3837.0							
1484	4162.0	3192.0								
1486	3866.0									
1487	893.0									
1493	4422.0									
1494	2763.0									
1495	2922.0	3197.0	3105.0	1954.0	3940.0	1619.0	3669.0	2612.0	1865.0	4158.0
1502	436.0									
1505	1886.0									
1507	1374.0									
1510	3233.0									
1512	3343.0	1889.0	2777.0	1355.0	1122.0	1800.0	4316.0	2467.0	4367.0	1492.0
1515	981.0									
1517	3843.0	645.0	4422.0							
1518	475.0									
1520	3740.0									
1521	3713.0									
1522	4422.0									
1524	1122.0	1578.0	522.0	2956.0						
1532	3827.0									
1535	1203.0									
1536	3866.0									
1539	4665.0									
1540	4423.0									
1541	2393.0									
1544	4553.0	2748.0	2771.0							
1546	1835.0									
1547	1476.0									
1549	1733.0	714.0	358.0							
1554	4401.0									
1555	2092.0									
1556	1238.0									
1558	2910.0									
1562	3291.0									
1567	2025.0									
1570	2092.0	1013.0	893.0							
1571	821.0	1139.0	2577.0	2092.0	4250.0	4266.0				
1573	3192.0									
1574	341.0									
1578	2844.0									
1581	3866.0									
1584	616.0									
1587	2219.0									
1590	1348.0									
1591	1196.0									
1594	1373.0									
1600	649.0	3044.0	821.0							
1601	1540.0	208.0								
1602	2536.0									
1605	1476.0									
1606	350.0	3638.0	436.0	4401.0	1505.0	1600.0	2920.0			
1608	4086.0	282.0	811.0	2296.0	2362.0	2706.0	700.0	546.0	2605.0	931.0
1610	2151.0	3197.0								
1613	2730.0									
1617	1203.0									
1624	2362.0	1831.0	3866.0	1221.0	4303.0	651.0	3328.0	4072.0	2639.0	375.0
1627	2578.0	3153.0	1071.0	1077.0						
1628	2382.0									
1629	2661.0									
1633	1325.0									
1634	4422.0									
1636	4422.0									
1638	1610.0									
1642	4562.0									
1643	4422.0									
1648	765.0									
1649	4148.0	2173.0	436.0	1954.0						
1651	4401.0									
1655	2020.0	1377.0	1071.0	3009.0	1945.0	2342.0	4578.0			
1657	4401.0									
1658	1801.0	3246.0								
1660	4500.0									
1669	4422.0									
1671	59.0	3197.0								
1672	1960.0									
1673	47.0	3713.0	4693.0	3373.0						
1680	3279.0									
1681	3930.0									
1685	4661.0									
1687	1902.0									
1689	2697.0									
1690	4548.0									
1691	3866.0									
1692	2219.0									
1694	417.0									
1698	1524.0									
1700	3927.0	2098.0	1113.0	1125.0	2151.0	177.0				
1702	4486.0									
1704	1238.0	683.0								
1705	27.0	222.0								
1707	1954.0									
1712	2922.0									
1715	1122.0									
1716	204.0	816.0	1238.0							
1722	2697.0	3507.0	3241.0	1954.0						
1725	1578.0	1348.0								
1732	208.0	2092.0	1702.0	3452.0						
1733	3197.0									
1735	893.0									
1737	4744.0									
1743	402.0									
1744	2033.0									
1745	2197.0									
1746	417.0									
1747	8.0									
1748	2173.0	1954.0	3164.0	3615.0	3534.0					
1753	4302.0									
1757	658.0	4659.0								
1763	4401.0									
1765	3467.0	1466.0	350.0	2358.0	3196.0	2403.0	2051.0	429.0	3667.0	4315.0
1768	912.0									
1772	375.0	3673.0								
1773	2577.0	4059.0	1917.0	847.0	2922.0	2392.0	932.0			
1776	2577.0									
1777	1135.0									
1778	2704.0									
1780	3434.0	3452.0								
1781	1610.0									
1786	3629.0									
1788	1271.0									
1790	535.0									
1791	1835.0									
1795	3196.0									
1798	4423.0									
1801	456.0									
1807	247.0									
1808	475.0									
1811	930.0									
1812	397.0									
1817	816.0									
1825	2748.0	4213.0								
1826	3693.0	45.0								
1828	419.0	825.0	847.0							
1833	1122.0									
1835	1179.0									
1836	3638.0	3153.0								
1837	375.0									
1838	3291.0									
1841	1610.0									
1843	838.0									
1846	1857.0									
1849	3309.0									
1851	661.0	3011.0								
1856	4000.0									
1860	4670.0									
1863	4331.0									
1864	2358.0									
1865	3818.0									
1869	3755.0									
1872	4324.0									
1873	160.0									
1875	3291.0	132.0								
1876	24.0	1619.0								
1878	1886.0									
1890	3457.0									
1896	3559.0	3841.0	3373.0							
1897	790.0									
1898	714.0									
1899	4157.0									
1901	2920.0									
1904	291.0									
1908	118.0	4072.0	3535.0	3175.0	1669.0	1603.0				
1910	2612.0									
1911	4467.0									
1916	4231.0	2342.0	1455.0	4423.0	3843.0	239.0	2067.0	2881.0	3871.0	1511.0
1921	1507.0									
1922	3772.0	3944.0	3544.0	3196.0	4102.0	282.0	2542.0	375.0		
1924	1348.0									
1937	3291.0									
1938	4422.0									
1939	4422.0									
1945	3075.0	3639.0	4088.0	3853.0						
1948	1639.0	2185.0	3274.0	1892.0	2748.0					
1950	2365.0									
1951	1578.0									
1953	4552.0									
1954	2748.0									
1959	816.0									
1962	2000.0	196.0	3567.0							
1970	522.0	1540.0								
1971	2848.0									
1972	4751.0									
1975	3241.0									
1978	4135.0	4380.0								
1979	4447.0	3422.0								
1980	3565.0									
1985	2881.0	1825.0	3153.0	2039.0						
1987	853.0	4547.0	2577.0							
1988	3518.0	616.0	3197.0	2299.0						
1992	4324.0	4401.0	311.0	375.0	4233.0	4194.0	2866.0	3385.0	1652.0	3955.0
1996	359.0	1446.0	2342.0	2079.0	1343.0					
1997	3291.0	4345.0	402.0	1945.0	456.0	452.0	1851.0	4460.0	3787.0	2023.0
2001	4308.0	436.0	1131.0	2956.0						
2002	2875.0									
2009	295.0									
2013	4306.0									
2014	3197.0									
2015	3291.0									
2025	539.0									
2026	1761.0	1006.0	4029.0	4756.0	159.0	1214.0	1295.0	2333.0	4665.0	3921.0
2027	4122.0	468.0								
2031	2612.0	661.0								
2032	3507.0									
2033	4584.0									
2037	4401.0									
2039	2340.0									
2042	1803.0									
2044	2148.0									
2048	4122.0	2364.0								
2052	1196.0									
2055	4591.0									
2058	1902.0									
2059	2092.0									
2063	3507.0									
2065	358.0									
2066	2655.0									
2068	788.0	4589.0								
2070	247.0									
2071	1661.0									
2072	1763.0									
2073	1126.0	2180.0								
2079	2553.0	3853.0	3547.0	4408.0	4670.0	539.0	1949.0	1835.0		
2083	708.0	776.0	4408.0	3315.0	2971.0					
2087	1072.0	1993.0								
2089	4104.0									
2094	3522.0									
2095	4639.0									
2096	3866.0									
2097	2876.0									
2099	2335.0									
2103	1624.0									
2106	1678.0									
2107	3291.0									
2112	1169.0									
2116	456.0									
2117	4122.0									
2118	1540.0									
2120	1289.0									
2121	2219.0	4541.0								
2125	1542.0	724.0								
2126	2921.0									
2127	1289.0									
2149	3241.0									
2151	2911.0									
2153	1122.0	3713.0	3285.0							
2159	1238.0	4744.0								
2161	2677.0									
2162	27.0									
2168	631.0									
2169	3014.0									
2170	2683.0									
2172	292.0									
2175	4465.0	274.0	2187.0	1071.0						
2176	1283.0	4560.0								
2180	535.0									
2183	4050.0									
2186	2947.0	3684.0								
2188	3534.0									
2193	4000.0									
2196	714.0	3196.0	1242.0							
2197	3450.0									
2204	1902.0	3753.0								
2205	1190.0	4000.0	295.0	282.0						
2206	1502.0									
2208	2074.0									
2210	4422.0									
2211	3520.0									
2212	3241.0									
2218	3999.0									
2219	546.0									
2222	2983.0	3752.0								
2224	893.0									
2227	4122.0									
2231	359.0	4727.0								
2232	1476.0	318.0								
2233	3197.0									
2234	48.0									
2236	77.0									
2239	3187.0									
2241	1594.0									
2242	1540.0									
2248	3866.0									
2253	4018.0									
2263	2577.0									
2268	526.0									
2269	1594.0	3197.0								
2270	2984.0									
2271	3190.0									
2272	4198.0	2436.0	3711.0	4021.0	3938.0	1307.0	3507.0			
2277	308.0	157.0	2369.0	1499.0	3092.0	3714.0	131.0	4670.0	1505.0	
2278	2382.0									
2283	1610.0	4113.0								
2284	4122.0	3972.0								
2285	24.0									
2286	4519.0									
2291	3401.0									
2293	3135.0									
2296	4021.0	4024.0	4072.0	2352.0	2921.0					
2300	45.0									
2301	2470.0									
2305	247.0									
2308	2330.0	2873.0								
2309	3450.0									
2313	2185.0									
2320	893.0									
2321	676.0									
2326	2973.0									
2330	878.0									
2337	1578.0									
2339	1811.0									
2340	2293.0	3669.0								
2341	419.0									
2344	475.0	838.0	2856.0							
2345	2023.0									
2346	3104.0									
2350	3534.0									
2352	2041.0	535.0								
2355	4422.0									
2359	4422.0									
2362	3787.0	3664.0	765.0	1798.0						
2363	535.0	3156.0	2382.0							
2365	3329.0	4548.0	1566.0							
2368	2740.0									
2370	139.0									
2371	2787.0	4389.0	170.0	1499.0	580.0					
2372	94.0									
2373	362.0									
2378	1476.0									
2381	3197.0									
2383	2881.0	4542.0	4511.0	4380.0	3546.0	4632.0	1610.0	1810.0		
2385	1139.0									
2391	2187.0	569.0	36.0	1969.0	4480.0	947.0	447.0	869.0	3241.0	
2392	2875.0	4668.0	1495.0							
2393	1954.0									
2394	765.0									
2399	223.0									
2401	2448.0									
2405	295.0									
2406	2474.0									
2408	3569.0	3267.0	151.0	8.0	2305.0	2219.0	1835.0	3628.0	4242.0	3197.0
2411	4122.0									
2412	2866.0	16.0	2589.0	631.0						
2416	3241.0	3857.0	4523.0							
2419	1077.0									
2422	375.0									
2427	2920.0	1502.0	123.0	3246.0						
2429	2850.0									
2430	3567.0									
2431	2693.0									
2434	427.0									
2437	4727.0									
2439	350.0									
2440	4422.0									
2441	1076.0									
2446	1974.0									
2448	3889.0									
2449	4021.0	3787.0	3871.0	3329.0	3507.0	247.0	3241.0	821.0	4423.0	402.0
2452	4669.0									
2453	1954.0	2364.0	4246.0	1967.0	4444.0	2153.0	3300.0	2051.0	4670.0	
2454	2656.0									
2455	2577.0									
2456	4444.0									
2458	2665.0									
2460	2248.0									
2462	1897.0	247.0								
2463	2577.0									
2464	1584.0	95.0	2996.0	1135.0	720.0	2079.0	24.0			
2466	3077.0									
2467	1835.0									
2468	4045.0									
2469	985.0	2577.0	3999.0	4367.0						
2475	1891.0	2299.0								
2476	1369.0	3471.0								
2477	2639.0									
2478	3450.0									
2479	1077.0									
2484	2351.0									
2486	3999.0	2092.0								
2487	3291.0									
2488	4553.0	3567.0	3291.0	1886.0	4744.0	2754.0	358.0	4664.0	3093.0	169.0
2492	4306.0	3241.0	2051.0	4459.0	242.0	985.0	2770.0			
2494	431.0									
2496	1610.0									
2498	893.0									
2503	3489.0									
2505	3999.0									
2506	1578.0									
2508	1285.0									
2509	857.0									
2510	304.0	1505.0	4156.0							
2511	3667.0	1578.0	4187.0	1071.0	2440.0					
2514	2677.0									
2516	3957.0									
2518	4250.0									
2520	3972.0	4467.0	4422.0							
2527	2474.0	2573.0	1540.0	888.0	2484.0					
2529	161.0									
2532	816.0									
2533	2041.0									
2536	2051.0	2921.0	2536.0	622.0						
2537	1913.0									
2538	949.0									
2540	1466.0	3534.0	3653.0	4670.0	4755.0	3075.0	3864.0	931.0	1300.0	4212.0
2545	157.0	4212.0								
2546	4542.0									
2549	1179.0									
2552	1540.0									
2553	4444.0									
2557	2484.0	2920.0								
2558	2173.0	362.0								
2560	1621.0									
2563	3972.0									
2569	4422.0									
2570	3135.0									
2575	1218.0									
2576	1067.0									
2577	1896.0									
2578	2039.0									
2580	4548.0									
2581	2092.0	1578.0								
2584	941.0									
2586	522.0									
2587	3944.0									
2593	4615.0	522.0	3411.0	730.0	997.0					
2594	4182.0									
2600	2987.0									
2603	4159.0									
2606	997.0									
2612	2577.0									
2617	3274.0	1553.0	223.0							
2618	1610.0									
2620	2092.0									
2622	4756.0									
2630	997.0									
2639	3241.0	1945.0								
2642	4208.0									
2644	1348.0									
2646	274.0									
2648	3521.0	4511.0	904.0	742.0						
2650	1644.0	3062.0								
2653	27.0									
2655	1139.0	4423.0	3152.0	821.0						
2657	2956.0									
2659	1441.0	2092.0	639.0	371.0	3999.0					
2661	1686.0									
2662	3735.0									
2663	4564.0									
2666	1561.0	4245.0	3140.0	3866.0						
2667	2577.0	1196.0								
2673	3401.0	1077.0	1945.0	4460.0						
2676	816.0									
2677	3089.0									
2678	1996.0									
2682	2944.0									
2687	1935.0	3034.0								
2692	898.0									
2694	1454.0	4306.0								
2695	1646.0									
2698	4690.0									
2699	1540.0									
2701	1556.0									
2702	3259.0									
2703	4422.0									
2704	4422.0									
2705	874.0	1506.0	760.0							
2708	3837.0	3668.0								
2710	1083.0									
2717	765.0									
2718	535.0									
2722	2117.0									
2723	3567.0									
2724	1578.0	4422.0								
2728	1122.0									
2730	3196.0									
2735	442.0									
2739	4751.0									
2741	3023.0									
2742	237.0	4401.0	4622.0	1540.0						
2746	1566.0									
2748	3452.0	4605.0								
2752	1763.0									
2754	4744.0	4122.0	1540.0	522.0	3520.0	3489.0	3077.0	906.0	2335.0	3740.0
2759	1410.0									
2760	3197.0									
2761	2618.0									
2762	985.0									
2764	2118.0	1196.0								
2768	838.0	1139.0								
2770	2101.0									
2771	4122.0									
2772	2268.0									
2773	1122.0									
2775	79.0	2921.0								
2779	4467.0									
2784	4309.0									
2785	1396.0									
2787	1974.0									
2789	1253.0	2410.0	1179.0							
2790	3507.0									
2791	893.0	4423.0								
2793	682.0	2334.0	1506.0							
2794	3534.0									
2795	371.0	1588.0	3562.0	2305.0	3197.0	3669.0	754.0			
2801	4358.0									
2803	1285.0									
2804	1646.0									
2806	1578.0									
2808	1953.0									
2809	631.0									
2811	2105.0									
2813	4401.0									
2817	2740.0	1803.0								
2819	2002.0									
2822	2092.0	3197.0	4417.0							
2824	2542.0									
2833	701.0									
2836	3072.0									
2838	1891.0									
2840	3507.0									
2841	2085.0									
2846	3733.0									
2848	1768.0									
2850	3277.0									
2852	3740.0									
2853	3197.0	1533.0	734.0	706.0	1646.0					
2856	1610.0									
2857	3452.0									
2858	2577.0									
2859	1071.0									
2860	782.0	838.0	3904.0	3450.0	2681.0	1324.0	3562.0	1733.0	3196.0	2577.0
2861	1122.0	1429.0	3274.0							
2866	2240.0									
2868	3565.0									
2870	4202.0									
2872	4557.0									
2876	3507.0									
2880	4422.0									
2881	3612.0									
2884	350.0									
2886	378.0									
2887	3613.0									
2889	2697.0									
2892	1773.0									
2894	4275.0									
2895	330.0									
2899	3967.0									
2904	1105.0									
2905	997.0									
2906	3967.0									
2909	3667.0	522.0								
2911	3795.0									
2914	2655.0									
2915	3300.0									
2923	1096.0									
2925	330.0									
2928	3701.0	1986.0	3943.0	122.0						
2930	1540.0									
2936	2278.0									
2938	4401.0									
2939	1283.0									
2940	2730.0									
2941	1616.0									
2942	45.0									
2949	3378.0	947.0	1891.0	3489.0	2881.0					
2955	1540.0									
2958	2959.0									
2959	4401.0									
2960	2763.0									
2961	2588.0									
2964	4562.0									
2965	27.0									
2968	774.0									
2972	3628.0									
2975	152.0									
2976	247.0									
2977	2166.0									
2980	3329.0									
2982	24.0									
2983	1499.0									
2987	735.0	4703.0	3465.0	2752.0	3736.0					
2988	3999.0									
2995	2362.0									
2996	1122.0									
2998	3293.0									
3000	3787.0									
3003	3401.0									
3004	1954.0									
3006	1236.0									
3007	4208.0	2279.0	4122.0	2921.0	330.0	1122.0	4631.0			
3008	1968.0	161.0								
3010	2313.0									
3017	2752.0									
3019	3642.0	752.0	4346.0	3567.0						
3020	4088.0									
3024	258.0									
3025	2980.0									
3026	2240.0									
3028	316.0									
3030	2299.0									
3031	3196.0									
3037	2173.0									
3041	2577.0									
3047	4475.0	402.0	2573.0	2921.0	1013.0	2094.0				
3048	1122.0									
3050	3196.0									
3053	2092.0									
3060	790.0									
3062	1135.0									
3065	522.0	1968.0								
3066	4422.0									
3072	3534.0	3615.0								
3075	2612.0									
3076	4468.0									
3077	3267.0	569.0								
3081	2987.0									
3084	4114.0									
3086	714.0	3963.0	1348.0							
3088	1835.0									
3090	2499.0	2117.0								
3092	27.0									
3096	4122.0									
3097	4732.0									
3100	3811.0									
3101	3291.0									
3103	1218.0									
3105	2956.0	2219.0								
3109	3241.0									
3114	1115.0	3631.0								
3115	2382.0									
3116	4352.0									
3118	893.0									
3122	3154.0	1307.0								
3126	522.0									
3127	1881.0									
3129	3972.0	1345.0								
3132	247.0									
3139	419.0									
3146	2092.0									
3148	4001.0	2577.0	1594.0							
3152	3196.0									
3153	1996.0									
3158	2092.0									
3160	1892.0									
3171	3193.0									
3173	4302.0	78.0								
3174	4543.0									
3179	2213.0	2866.0	2697.0	4422.0	3488.0	4603.0	191.0	4482.0		
3181	4542.0									
3183	3281.0									
3185	4369.0									
3189	3999.0									
3192	1540.0									
3195	1610.0									
3197	874.0									
3204	1891.0									
3205	1283.0									
3208	1578.0									
3209	1067.0	323.0								
3211	1056.0									
3212	3034.0									
3216	225.0									
3217	1799.0	402.0								
3230	1954.0	4122.0								
3232	1130.0									
3233	2866.0									
3235	1656.0									
3237	1514.0									
3238	2396.0									
3241	1285.0									
3242	1540.0									
3244	3464.0	2131.0								
3246	417.0									
3248	2740.0									
3252	3464.0									
3255	4485.0	1308.0	1947.0							
3257	4545.0									
3258	2382.0									
3260	947.0	2578.0	4231.0	3857.0	4009.0					
3261	3300.0									
3262	2987.0									
3264	3534.0									
3266	4159.0									
3268	77.0									
3269	421.0									
3271	3241.0									
3272	2023.0									
3273	350.0	4511.0	1170.0							
3278	1540.0									
3279	4000.0									
3281	4553.0									
3284	2770.0									
3286	4366.0									
3289	3450.0									
3294	1476.0	2111.0								
3301	1122.0									
3308	2092.0	1745.0	1476.0							
3312	4422.0									
3314	208.0									
3325	4475.0									
3327	1594.0									
3335	2515.0									
3336	1540.0									
3337	3921.0									
3340	137.0	4600.0								
3341	2711.0									
3343	940.0	1689.0								
3347	3145.0									
3352	2142.0									
3355	3291.0									
3359	1945.0									
3362	3489.0									
3364	2092.0									
3368	2362.0									
3374	2122.0									
3376	604.0	1701.0	1069.0	1636.0	1951.0	760.0				
3377	3399.0									
3379	3562.0									
3382	893.0									
3383	375.0									
3384	3653.0									
3387	3489.0	1808.0	4027.0							
3389	1763.0									
3390	2920.0	3164.0	3534.0	3135.0	2884.0	2067.0	676.0	4511.0	427.0	765.0
3391	3660.0									
3405	4757.0	622.0	3241.0							
3406	3241.0									
3412	972.0									
3414	1578.0									
3415	720.0									
3417	2278.0	3291.0	2667.0							
3419	2424.0									
3421	3714.0	3999.0								
3422	3507.0									
3426	3154.0									
3427	2577.0									
3433	4380.0									
3437	725.0									
3439	844.0	1135.0								
3440	1196.0									
3442	3507.0									
3443	414.0									
3445	4654.0	3520.0								
3447	1844.0									
3450	1954.0									
3453	4367.0									
3457	2092.0									
3458	4449.0									
3462	475.0									
3468	4401.0									
3469	2681.0	714.0	3019.0							
3471	1354.0									
3474	2697.0									
3479	4567.0									
3481	1839.0									
3485	1300.0									
3486	3628.0	930.0								
3490	2595.0	2092.0	208.0	2740.0	1652.0	3385.0	337.0	997.0	4665.0	378.0
3494	3972.0									
3496	1324.0									
3498	2777.0									
3500	4086.0									
3503	7.0									
3505	2092.0									
3507	1397.0	4273.0	2740.0	3241.0						
3510	1954.0									
3512	1077.0	3999.0	2753.0	3155.0	3871.0					
3513	4229.0									
3516	1578.0									
3518	1385.0									
3521	3602.0	4579.0	2595.0	874.0	1179.0	666.0				
3523	4274.0									
3524	178.0									
3526	4086.0									
3527	2039.0									
3529	989.0									
3530	372.0									
3533	4422.0									
3534	4548.0									
3537	4367.0									
3544	3197.0									
3547	4072.0									
3556	1540.0									
3558	4050.0	4000.0	4751.0	3498.0	1287.0	1285.0				
3559	4339.0									
3564	4298.0	4229.0								
3568	1077.0									
3569	2148.0	1505.0								
3572	1598.0									
3575	1540.0									
3576	3291.0									
3577	1499.0	2311.0	2393.0							
3580	4422.0									
3584	2710.0									
3586	3534.0									
3587	4306.0									
3589	1555.0	2445.0	2987.0	3291.0	3384.0	247.0	867.0	4519.0	2986.0	535.0
3590	2092.0									
3591	1139.0									
3592	2922.0									
3596	3241.0									
3597	1203.0									
3598	3241.0									
3600	4422.0									
3602	1041.0									
3606	1524.0									
3607	951.0									
3610	1130.0									
3612	3106.0	2578.0	1454.0							
3613	2364.0	3109.0	1759.0							
3619	4553.0									
3624	1218.0									
3633	2965.0									
3634	2382.0									
3635	2577.0	2761.0								
3642	3011.0									
3643	67.0									
3647	3829.0	2673.0	4723.0							
3648	1540.0									
3654	4459.0									
3661	429.0									
3662	2851.0									
3664	1012.0									
3665	2267.0									
3666	432.0									
3667	281.0									
3668	1773.0									
3670	1196.0									
3676	1945.0									
3677	1502.0									
3680	4402.0									
3689	1505.0	163.0								
3691	2777.0	1650.0								
3693	4422.0									
3694	3718.0									
3696	2548.0									
3699	4401.0									
3702	4001.0									
3703	3615.0									
3704	4648.0									
3707	1324.0									
3710	893.0									
3719	838.0									
3721	842.0	358.0								
3723	782.0									
3724	3197.0									
3725	1348.0									
3730	1540.0									
3733	4000.0	2284.0	2956.0	1610.0						
3735	2067.0	3895.0	4401.0	160.0						
3742	2542.0									
3743	3237.0	2777.0								
3744	2956.0									
3745	1013.0	169.0	46.0							
3747	3241.0									
3752	765.0	714.0	3967.0	947.0	362.0	2148.0				
3753	1179.0									
3759	4314.0									
3765	985.0									
3767	968.0	2922.0								
3769	3866.0									
3771	2920.0									
3772	2273.0	1357.0	4335.0	2949.0	3158.0	3822.0	1892.0	1646.0		
3775	1179.0									
3780	1122.0									
3781	326.0									
3782	2362.0									
3785	4548.0									
3787	4036.0									
3793	2382.0									
3797	1521.0									
3798	3164.0									
3803	1540.0									
3805	3399.0									
3806	3972.0									
3807	4303.0	614.0	2111.0							
3810	4519.0									
3813	2773.0	3574.0	3105.0							
3821	1087.0	4339.0								
3828	3145.0									
3833	3438.0									
3837	3520.0									
3838	845.0									
3844	4022.0	2484.0								
3853	2382.0									
3854	1455.0									
3855	3735.0									
3856	2299.0									
3858	522.0									
3859	2020.0									
3864	1179.0									
3866	2740.0									
3873	1575.0									
3874	1212.0	4530.0	3289.0	2763.0	989.0					
3875	1324.0	2573.0	24.0							
3877	838.0									
3878	1077.0									
3879	2039.0									
3882	78.0									
3883	208.0									
3887	2987.0									
3888	50.0									
3891	3197.0									
3893	1139.0	4.0								
3894	3192.0	3669.0								
3895	421.0									
3896	4029.0	1293.0	4511.0	2506.0	2002.0	1833.0	3967.0	3291.0		
3898	3795.0									
3899	3714.0									
3908	3546.0									
3914	2153.0									
3916	4422.0									
3917	1096.0									
3922	2917.0									
3924	765.0									
3929	4394.0									
3930	1596.0									
3932	1428.0									
3935	200.0	20.0	3567.0	32.0	2478.0	3710.0	3249.0	4706.0	1390.0	
3938	4744.0									
3939	1754.0									
3940	3795.0									
3942	4169.0									
3944	3841.0									
3947	1891.0	3489.0	2173.0	1954.0						
3953	2184.0									
3957	3718.0									
3958	617.0									
3959	760.0									
3960	1610.0									
3964	628.0									
3965	2131.0	2239.0	4496.0							
3967	4237.0	2148.0								
3969	4744.0									
3970	3567.0									
3971	1879.0									
3972	1945.0									
3975	3462.0									
3976	3709.0	4422.0								
3977	997.0									
3980	3866.0									
3981	1711.0									
3983	4179.0									
3991	2002.0									
3992	251.0									
3997	402.0									
4000	2577.0									
4004	3972.0									
4007	1646.0									
4012	304.0									
4015	4009.0									
4020	3927.0	1805.0	3447.0	3246.0	1822.0	1139.0	1490.0	1835.0	3196.0	2342.0
4023	3373.0									
4031	4756.0									
4037	3667.0									
4047	2267.0	855.0	557.0	535.0						
4048	1540.0									
4049	4122.0									
4054	1935.0									
4056	2109.0									
4065	1824.0									
4072	2382.0									
4074	4670.0	2577.0	1939.0	2340.0						
4077	3450.0									
4078	1238.0	1499.0								
4081	2044.0									
4087	3787.0									
4092	2180.0									
4093	328.0									
4095	4068.0	3401.0	4562.0	2402.0						
4096	2044.0	4700.0	2163.0	2352.0	2219.0					
4097	4011.0									
4102	1763.0									
4105	1540.0									
4106	2092.0									
4108	2677.0	931.0								
4110	2219.0									
4114	1790.0									
4115	647.0									
4116	2577.0									
4118	1945.0									
4122	4751.0									
4123	4333.0	3147.0								
4124	4401.0									
4125	1726.0									
4128	1392.0	3589.0								
4129	765.0									
4132	4423.0									
4136	3967.0									
4138	4423.0									
4142	1610.0									
4143	623.0									
4147	4511.0									
4148	1355.0									
4149	2219.0									
4150	4122.0									
4152	3498.0	2922.0								
4153	4589.0									
4155	371.0									
4156	4068.0	4620.0	3167.0							
4157	375.0									
4159	2242.0									
4161	4449.0	3450.0								
4163	3411.0									
4164	3175.0	3498.0	4756.0	406.0	404.0	77.0	3625.0	4744.0	3482.0	
4165	1902.0									
4169	4422.0									
4172	666.0	3138.0	3245.0	1324.0	3866.0					
4178	1588.0	4122.0	4670.0	4423.0						
4183	4168.0									
4184	4122.0									
4188	3197.0									
4190	1763.0									
4195	2748.0									
4197	1466.0									
4198	944.0									
4201	4518.0									
4202	893.0	4548.0	3233.0	24.0						
4203	3511.0									
4211	3866.0									
4213	3628.0	2484.0	563.0	4401.0	4004.0					
4215	2250.0									
4217	720.0									
4220	632.0									
4221	4467.0									
4229	4068.0									
4230	1285.0									
4238	1218.0	1601.0	337.0	4444.0	421.0	2763.0	1954.0	247.0		
4239	330.0									
4245	399.0									
4246	330.0									
4247	1118.0	359.0	3660.0							
4248	3077.0	3869.0	1540.0	3109.0	1608.0	3546.0				
4249	4548.0									
4250	4756.0									
4251	997.0	3197.0								
4253	3197.0									
4254	2187.0									
4256	4345.0	2577.0	2881.0	2681.0						
4257	4122.0	1077.0	2292.0							
4258	375.0									
4262	4449.0	4159.0								
4265	1139.0									
4285	1179.0									
4289	3562.0	2542.0	542.0	3102.0	1300.0	1072.0	226.0	1616.0	3068.0	1849.0
4290	3267.0									
4292	4523.0									
4295	3725.0									
4298	944.0	375.0	4670.0							
4299	730.0									
4300	3714.0									
4301	1348.0									
4305	4751.0									
4307	4548.0									
4308	1013.0									
4309	4122.0									
4313	1610.0									
4314	893.0	1077.0	3963.0	359.0	2219.0					
4318	1958.0									
4320	23.0	539.0								
4322	4467.0									
4325	2748.0									
4330	2577.0	3241.0	2305.0	3478.0						
4335	2881.0	1122.0	359.0	4511.0	3488.0	1348.0	239.0	4542.0	4420.0	375.0
4337	1540.0									
4338	3290.0									
4339	362.0									
4340	359.0									
4343	3291.0									
4346	2364.0									
4350	337.0	2954.0								
4354	4373.0									
4355	3066.0									
4358	282.0									
4361	864.0									
4363	3241.0									
4364	3810.0	2577.0								
4365	2656.0									
4367	997.0									
4370	4113.0									
4371	1188.0									
4374	3534.0									
4377	1506.0									
4382	3291.0									
4384	2484.0									
4387	4072.0									
4390	1931.0									
4397	1902.0	3399.0	2488.0	4545.0						
4403	1139.0									
4404	4122.0									
4406	2333.0									
4411	375.0	1139.0								
4415	3656.0									
4419	192.0									
4420	3742.0									
4421	4401.0									
4423	378.0									
4426	3096.0									
4427	3399.0									
4433	2697.0									
4435	893.0									
4438	2956.0									
4440	3534.0									
4445	1797.0									
4446	3874.0	2028.0								
4451	3671.0									
4452	2920.0									
4461	1954.0									
4463	3866.0									
4464	2577.0									
4465	3291.0									
4466	3197.0									
4471	1122.0									
4472	3399.0									
4473	3009.0									
4481	3534.0									
4482	4434.0									
4483	3972.0									
4484	2920.0	1122.0	1105.0	239.0	4562.0	1744.0				
4486	2573.0									
4487	2577.0									
4490	1763.0									
4491	1169.0									
4492	1610.0									
4493	4001.0	3521.0	3367.0							
4494	2577.0	3160.0	311.0							
4498	777.0									
4508	2142.0									
4511	1309.0	3197.0								
4512	163.0	1139.0								
4520	2451.0									
4523	3458.0									
4528	1600.0									
4529	740.0	1313.0	1952.0	1500.0	1702.0	77.0	123.0	4744.0	3700.0	920.0
4530	2299.0									
4535	4339.0									
4537	3743.0									
4539	1436.0	3544.0	2320.0	2956.0	4584.0					
4547	2875.0									
4548	4744.0									
4549	2740.0									
4550	4422.0									
4552	24.0									
4553	4560.0									
4555	27.0									
4561	2578.0	4250.0								
4563	2118.0									
4566	1203.0									
4567	4401.0									
4569	4213.0									
4571	139.0									
4572	985.0									
4577	1954.0									
4583	4589.0									
4584	893.0									
4586	581.0									
4590	18.0									
4592	2758.0	1993.0	4652.0							
4594	3364.0									
4599	3811.0	3507.0	1540.0	304.0	863.0	300.0				
4600	322.0	2382.0	4665.0							
4601	3972.0									
4602	1610.0									
4607	4001.0									
4608	3077.0									
4612	874.0	3712.0	898.0	4346.0	282.0					
4618	4690.0									
4619	1540.0									
4632	3267.0									
4634	375.0									
4636	1348.0	4001.0	4467.0	4570.0	229.0					
4641	3450.0									
4642	2578.0									
4643	213.0	3911.0	3718.0	597.0						
4644	1196.0									
4645	4553.0	419.0								
4648	1542.0									
4649	3534.0	1095.0	4066.0	3195.0	1171.0	3791.0	1824.0	2219.0	2730.0	
4652	1196.0									
4653	2479.0	2577.0	3488.0							
4658	2041.0									
4659	2020.0									
4662	1833.0									
4666	1169.0	2319.0								
4669	1759.0									
4670	3871.0									
4671	429.0									
4672	4422.0	628.0								
4673	3649.0									
4681	3434.0									
4682	4346.0									
4684	3233.0									
4689	790.0									
4691	4380.0									
4696	1917.0	4113.0								
4700	1832.0	27.0	2105.0	3254.0	1721.0	2540.0	1773.0	844.0	3376.0	
4703	2153.0									
4709	2909.0	535.0	4690.0	73.0	2822.0	2136.0	2223.0			
4710	821.0									
4711	3154.0									
4712	1578.0									
4717	1107.0									
4719	720.0									
4721	2577.0	74.0	1077.0							
4724	837.0									
4725	539.0									
4726	27.0	782.0								
4728	3023.0									
4730	2898.0									
4731	714.0									
4732	3615.0	1945.0	2173.0							
4733	3250.0									
4743	169.0									
4747	4271.0									
4750	4632.0	1077.0	4380.0							
4754	4380.0									
4757	3967.0									
4758	1105.0									
4760	65.0									
4762	3967.0	4380.0	2578.0	36.0	4511.0	4542.0				
4763	4670.0									
4765	782.0									
4767	3673.0	1521.0	378.0	2497.0	3329.0	8.0	1139.0	3281.0	3160.0	3399.0
4772	2092.0									
4773	2925.0									
4776	3197.0									
4777	3944.0	4159.0	535.0	3638.0	493.0	3144.0	2092.0	1273.0	2578.0	
4779	1594.0									
4781	3522.0									
4786	3241.0									
4794	493.0									
4795	3507.0									
4797	4558.0									
4807	4306.0									
4809	3507.0									
4810	1077.0	1426.0	665.0	240.0	1953.0	3601.0				
4815	4659.0									
4819	2612.0									
4822	3972.0									
4825	3241.0									
4828	1566.0	1825.0	2173.0							
4830	1540.0									
4834	4562.0									
4836	1902.0									
4842	77.0									
4843	4153.0									
4844	2148.0	1505.0								
4851	2740.0	4548.0								
4854	816.0									
4856	1122.0									
4858	4000.0									
4859	3682.0									
4860	67.0									
4863	4235.0									
4865	3507.0									
4868	4562.0	1067.0	318.0	1039.0						
4869	3972.0	1610.0	1711.0							
4870	3422.0									
4871	3453.0									
4874	4346.0	3464.0								
4875	4674.0	3740.0	4080.0							
4876	1575.0									
4877	2796.0									
4878	2143.0	1029.0								
4879	3656.0									
4883	2044.0									
4888	2055.0									
4889	4001.0									
4892	4478.0	2333.0	670.0							
4895	535.0									
4896	4631.0	774.0	4192.0							
4899	2981.0									
4902	1592.0	4324.0	2993.0							
4909	1115.0									
4911	4562.0	893.0	3967.0							
4914	1960.0	1968.0								
4915	3196.0									
4921	378.0									
4924	1135.0									
4926	2577.0	4122.0	3300.0							
4929	4380.0									
4930	4159.0									
4937	4133.0									
4939	2037.0									
4941	707.0	1968.0	4667.0	3607.0	780.0	595.0				
4947	1930.0									
4948	1436.0									
4950	2273.0	4589.0	1063.0	3955.0	2956.0					
4951	2695.0	2892.0	2920.0	3328.0	2559.0	1373.0	406.0			
4956	4345.0									
4962	2577.0									
4965	24.0									
4966	3972.0									
4969	3237.0									
4971	3196.0									
4973	1073.0									
4978	3450.0									
4982	2577.0									
4987	1856.0									
4989	3399.0									
4990	857.0									
4992	1588.0									
4993	3511.0									
4995	893.0									
4998	2920.0									
5000	1855.0									
5001	2305.0									
5002	2577.0									
5008	4751.0	4154.0	466.0	1773.0						
5009	2577.0									
5010	1960.0									
5014	945.0									
5015	3463.0									
5026	3241.0									
5030	456.0	3740.0								
5031	1763.0									
5039	782.0									
5042	4313.0									
5043	517.0									
5044	985.0	2358.0	24.0							
5046	3714.0									
5049	2382.0									
5050	4467.0									
5051	4422.0									
5053	1621.0									
5055	3713.0									
5061	4542.0									
5062	1909.0									
5066	2681.0									
5067	4475.0	78.0								
5072	3126.0									
5075	1540.0									
5081	4422.0									
5082	3886.0	3871.0	4300.0	1196.0	4369.0	1414.0				
5085	1566.0	1540.0	3241.0							
5087	2382.0									
5090	4422.0									
5092	2749.0									
5096	1122.0									
5099	3450.0									
5105	1130.0									
5107	4579.0									
5109	3329.0									
5111	2816.0									
5113	3837.0									
5114	3567.0									
5118	3713.0	2107.0	4659.0	4171.0	2687.0					
5126	1954.0									
5127	4665.0	295.0								
5128	4698.0	4346.0	3348.0	2612.0	1955.0	2730.0	1773.0	2250.0		
5129	985.0									
5133	356.0									
5134	1394.0									
5137	3562.0									
5138	3524.0	3787.0	2921.0	247.0	3667.0					
5139	2577.0									
5140	493.0									
5141	2530.0									
5146	1589.0									
5147	1179.0									
5152	118.0									
5154	3448.0									
5155	3233.0									
5157	2092.0									
5159	1616.0	358.0								
5160	18.0									
5161	4401.0									
5163	3478.0									
5164	4009.0	1179.0	4148.0	2219.0	46.0	3489.0	4023.0	2342.0	3116.0	2960.0
5169	4553.0	3305.0	3749.0							
5170	27.0									
5171	1774.0									
5176	4504.0									
5177	4054.0									
5178	67.0									
5179	2748.0									
5181	3534.0									
5185	417.0	3613.0	371.0							
5190	2402.0	3660.0	2187.0	1974.0						
5191	2275.0	2092.0	4401.0							
5205	3866.0									
5209	2748.0									
5210	1392.0									
5211	745.0	809.0	2629.0	3118.0	3123.0	3116.0	968.0	4110.0	4309.0	129.0
5212	3154.0									
5214	2382.0	4028.0	1183.0	4001.0	2393.0	1169.0	3834.0	383.0	2894.0	2583.0
5216	4491.0									
5218	2921.0									
5220	4122.0	997.0	3999.0	2577.0	2922.0	3452.0	2911.0	3787.0	4302.0	3972.0
5221	4389.0	2131.0	2187.0	3301.0	3787.0	3401.0	4380.0	3818.0	4423.0	541.0
5222	913.0									
5223	3191.0									
5224	3450.0									
5225	1082.0									
5230	3291.0									
5235	683.0									
5239	1601.0									
5246	637.0									
5248	378.0									
5250	997.0									
5251	2365.0									
5253	378.0									
5256	161.0									
5258	4475.0									
5259	2092.0									
5264	3197.0									
5265	1078.0									
5267	2577.0									
5268	3300.0	4059.0								
5270	893.0									
5271	4548.0									
5278	3077.0	4744.0								
5281	4548.0									
5287	292.0									
5290	4212.0	456.0								
5291	3569.0									
5292	1892.0									
5294	653.0	4161.0	4371.0	1077.0	1096.0	1722.0	1466.0	100.0		
5297	3897.0	4465.0								
5300	3241.0									
5305	3164.0	737.0	1203.0	2203.0	3272.0	3450.0	282.0	1610.0		
5306	3507.0									
5307	3569.0									
5308	2748.0									
5313	3507.0									
5319	2921.0									
5320	3714.0									
5321	2148.0									
5322	4422.0									
5324	4054.0									
5328	2105.0									
5336	4072.0									
5338	3569.0									
5339	4043.0									
5343	4744.0									
5347	2612.0									
5353	3024.0									
5354	2358.0									
5357	4375.0	2754.0	1879.0							
5359	421.0									
5363	765.0	3329.0								
5368	1872.0									
5370	4768.0									
5371	4054.0									
5375	826.0									
5379	4744.0									
5382	1122.0									
5383	57.0									
5387	2668.0									
5390	1122.0	1540.0	1844.0	2829.0	4467.0					
5391	3058.0	997.0								
5392	2555.0									
5401	2142.0									
5405	1472.0									
5406	3154.0									
5411	3267.0									
5412	1540.0									
5413	2481.0									
5421	3489.0									
5424	760.0									
5425	290.0									
5429	4557.0	2008.0	895.0							
5430	3197.0									
5432	2023.0									
5438	3197.0									
5442	1139.0									
5444	4545.0	3921.0								
5446	1203.0									
5447	4615.0									
5452	4309.0									
5454	3373.0									
5455	997.0									
5456	2092.0									
5461	3373.0									
5462	3628.0									
5464	1902.0									
5465	637.0	3450.0	4620.0	500.0	117.0	716.0	3192.0			
5467	4744.0									
5471	3338.0									
5474	3559.0									
5475	3299.0									
5477	4401.0									
5479	1096.0									
5485	653.0									
5488	1835.0									
5489	149.0	765.0								
5491	2137.0									
5495	1394.0									
5496	2981.0									
5500	4212.0	2969.0	4072.0	27.0						
5501	1285.0									
5507	77.0									
5508	4422.0									
5510	67.0									
5516	3723.0									
5521	4422.0									
5523	2656.0									
5524	2364.0									
5525	4000.0	3749.0	997.0	208.0	4171.0					
5526	3450.0									
5527	2023.0									
5528	248.0									
5529	2017.0	1578.0	1902.0	508.0						
5531	2092.0									
5532	2723.0									
5536	2039.0	1077.0	3667.0	1105.0	3241.0					
5537	2149.0	1763.0								
5538	2695.0									
5545	1799.0	782.0	1972.0	2333.0	3450.0	1110.0	29.0	909.0	102.0	
5548	755.0									
5549	997.0									
5550	1639.0	3960.0	1179.0	2159.0	3841.0	68.0	505.0			
5555	1122.0									
5563	3450.0									
5565	4266.0									
5569	1616.0	3262.0								
5570	27.0									
5576	311.0									
5578	893.0									
5580	2495.0									
5591	3385.0									
5592	3718.0									
5593	1717.0									
5597	1366.0									
5602	1915.0									
5604	1288.0									
5611	782.0	4430.0	878.0	40.0						
5614	3274.0	3569.0	1954.0							
5615	24.0									
5616	1309.0	3562.0	1007.0	4345.0						
5619	4422.0									
5620	1540.0									
5623	65.0									
5628	4513.0									
5635	3693.0	3896.0								
5637	3165.0	4158.0	4308.0	3664.0	4467.0	4674.0				
5642	4067.0									
5646	816.0									
5649	3291.0	3534.0								
5653	3653.0	3094.0								
5654	1835.0									
5657	3305.0									
5658	247.0									
5662	3459.0	350.0								
5663	3646.0									
5665	436.0									
5667	4473.0									
5669	3399.0	2877.0								
5670	4422.0									
5672	894.0									
5673	4035.0	4665.0	4141.0	3338.0	1207.0	1855.0	1711.0	1072.0	2528.0	2873.0
5678	2069.0									
5681	3901.0									
5682	4000.0									
5692	1601.0									
5696	4467.0									
5697	3376.0									
5700	1365.0	2543.0	127.0							
5704	1578.0									
5705	2484.0									
5707	889.0	4000.0								
5709	3863.0									
5715	24.0									
5717	3329.0	4213.0	1780.0	2730.0	15.0	421.0				
5718	1203.0									
5723	1275.0									
5724	893.0									
5725	4423.0	760.0	3866.0	4252.0	989.0	3464.0	4519.0	1588.0	1170.0	
5727	4467.0									
5737	4021.0									
5744	3192.0	3912.0	3620.0							
5748	1763.0	358.0								
5750	1945.0	3534.0	765.0	3520.0						
5753	78.0									
5757	1624.0									
5761	941.0									
5763	4751.0									
5764	226.0	1540.0								
5766	375.0									
5770	1540.0									
5773	77.0									
5780	4212.0									
5781	4401.0									
5782	275.0	1692.0	3399.0	1029.0	1578.0	2209.0	4213.0			
5783	3499.0	417.0								
5784	2358.0	78.0								
5790	1224.0									
5792	2309.0	3820.0	209.0	241.0	4599.0	3687.0	3267.0	4588.0	4308.0	3352.0
5795	4009.0	3241.0	3866.0	2079.0	3274.0					
5796	4422.0									
5798	1610.0									
5800	1179.0									
5801	1309.0									
5813	2577.0									
5816	3952.0									
5817	3197.0									
5821	4024.0									
5826	3546.0									
5827	4086.0	267.0								
5829	2987.0	2612.0	24.0							
5833	378.0									
5836	3241.0									
5837	2577.0									
5838	4683.0									
5840	1442.0									
5844	2577.0									
5845	3963.0									
5847	3866.0									
5848	2954.0									
5854	3197.0									
5860	188.0	1346.0	1499.0	590.0	3267.0					
5863	4273.0									
5866	2875.0									
5869	2250.0									
5870	1610.0	3795.0								
5872	1348.0									
5873	24.0									
5875	3186.0									
5878	1835.0									
5879	1752.0	95.0								
5886	1169.0									
5887	2382.0									
5888	667.0									
5889	4542.0	1105.0	4584.0	4744.0						
5895	4205.0									
5896	838.0									
5897	2996.0									
5899	3543.0	3291.0								
5901	67.0									
5902	1365.0									
5903	358.0									
5905	24.0									
5906	3267.0									
5907	2092.0									
5913	1139.0									
5914	350.0	2079.0								
5920	1513.0									
5921	24.0									
5923	893.0									
5924	1203.0									
5934	754.0									
5935	1835.0									
5942	3367.0	535.0	1117.0	229.0						
5943	2908.0									
5944	4401.0									
5946	1610.0									
5947	118.0									
5951	2042.0	4744.0								
5954	4670.0									
5960	3197.0									
5964	1163.0									
5965	1610.0									
5969	1686.0									
5973	3705.0	3776.0	757.0	3604.0						
5974	1505.0									
5975	3972.0									
5981	4467.0									
5983	1958.0									
5987	1610.0	3660.0	1025.0	1725.0	3241.0					
5988	893.0									
5990	745.0									
5992	2577.0									
5996	3871.0	475.0								
5997	3770.0	3154.0	71.0							
5998	3507.0									
6001	1540.0									
6003	2777.0									
6004	3197.0									
6008	2558.0									
6011	2574.0									
6012	4306.0									
6015	1122.0									
6016	3459.0	2358.0	4125.0	24.0	2173.0	3930.0	3698.0	3234.0	2811.0	
6019	4511.0									
6021	3889.0									
6026	350.0									
6027	2875.0									
6030	3534.0									
6031	290.0	2092.0	893.0	1096.0	3867.0					
6033	1122.0									
6036	4422.0	790.0								
6039	3543.0	3399.0	1773.0	837.0	2967.0	2996.0	3336.0	524.0	1686.0	
6043	3901.0									
6044	2546.0									
6050	2881.0									
6051	3452.0									
6055	3656.0	350.0	3106.0	4562.0	637.0	1262.0	2604.0	626.0	361.0	
6057	2834.0	815.0								
6061	1139.0									
6065	1524.0									
6066	3866.0									
6067	948.0	3507.0								
6071	2179.0									
6074	3154.0									
6075	2308.0	2949.0	4422.0	725.0						
6079	421.0									
6081	821.0									
6082	3534.0									
6083	1902.0									
6084	2770.0									
6087	4422.0									
6089	359.0									
6090	3464.0									
6093	3567.0									
6095	223.0									
6100	3631.0	2473.0	1457.0	2069.0	833.0	760.0				
6103	609.0	3863.0								
6104	3534.0									
6109	4122.0									
6110	1540.0									
6111	3241.0									
6113	1752.0	2921.0	2577.0	1236.0	4271.0					
6117	350.0									
6120	3546.0									
6121	2407.0	4072.0	2136.0	1285.0						
6123	24.0									
6125	4079.0									
6126	3267.0									
6133	4380.0	3241.0	3534.0	1075.0	4562.0	4546.0	2952.0	3963.0	2039.0	
6135	2044.0									
6138	1608.0									
6141	1540.0									
6151	304.0									
6152	4001.0									
6154	4744.0									
6159	1780.0									
6160	766.0									
6161	1169.0									
6165	2987.0									
6167	3967.0									
6168	4542.0									
6170	535.0									
6175	3241.0									
6178	4422.0									
6179	3972.0									
6180	4000.0									
6185	572.0									
6187	3450.0									
6188	3197.0									
6190	493.0									
6191	1540.0									
6200	4738.0									
6201	2464.0									
6205	4562.0									
6208	1990.0	4020.0	838.0							
6210	1122.0									
6214	1542.0	1326.0	123.0	1865.0	588.0	1173.0	279.0	3385.0		
6215	2730.0									
6218	4519.0	456.0	4021.0							
6219	3241.0									
6222	4380.0	3544.0								
6224	653.0									
6225	3921.0									
6227	2007.0									
6230	2956.0									
6233	2577.0									
6235	2251.0	448.0								
6240	4665.0									
6241	1769.0									
6243	898.0	535.0								
6246	4422.0									
6247	1879.0	3972.0								
6249	1038.0									
6251	4182.0									
6254	1892.0	2092.0	4238.0	2996.0	4333.0	4024.0	700.0	459.0	2180.0	
6255	1873.0									
6259	3684.0	1759.0	4092.0	2570.0	1902.0					
6263	4055.0									
6264	2518.0									
6268	1744.0									
6273	2151.0	4259.0	2966.0							
6278	1139.0	893.0	671.0							
6281	137.0									
6282	3300.0									
6283	2875.0									
6284	3713.0									
6289	1879.0									
6298	4523.0	2952.0								
6299	1865.0									
6300	1750.0	1790.0	1754.0	2148.0						
6302	1169.0									
6305	375.0									
6307	1945.0									
6310	1355.0									
6312	1837.0									
6315	2040.0	1071.0								
6319	3787.0									
6322	1060.0	3975.0								
6323	893.0									
6324	4122.0									
6326	4504.0									
6327	3866.0	671.0								
6334	4422.0									
6335	765.0									
6340	1914.0									
6341	3864.0	3154.0								
6346	3742.0									
6347	3197.0									
6350	2577.0									
6351	417.0									
6359	3450.0									
6362	2921.0									
6370	126.0	1309.0								
6372	3967.0									
6373	1644.0									
6375	1540.0									
6376	3426.0	433.0	633.0	870.0	2044.0	3546.0	1352.0			
6378	1970.0									
6380	2092.0									
6382	3566.0									
6384	2092.0									
6388	3567.0	4423.0	2351.0							
6390	3126.0									
6397	2612.0									
6401	1578.0									
6402	4205.0									
6404	3972.0									
6409	2111.0									
6416	1383.0	931.0	1555.0	2484.0	4756.0					
6418	3791.0									
6421	3534.0	4467.0	3837.0	3999.0	2484.0					
6422	2748.0	2163.0	997.0	4467.0						
6427	3401.0	2136.0								
6430	1198.0	456.0								
6434	242.0									
6436	3866.0									
6437	3085.0									
6443	3567.0									
6448	3164.0	3153.0	775.0	3628.0	1902.0					
6449	4064.0									
6451	4467.0									
6453	1071.0	3011.0								
6458	2577.0	3795.0	2850.0							
6460	3614.0	1734.0	4081.0	2854.0	3534.0	4511.0				
6462	4548.0	350.0	2681.0	1540.0						
6463	1375.0									
6464	1122.0	4159.0	4548.0							
6469	2044.0	4311.0								
6471	2911.0									
6472	1300.0	3565.0								
6473	2573.0									
6474	2362.0									
6475	3452.0									
6478	1666.0	4024.0								
6480	2881.0									
6483	3561.0									
6484	4466.0									
6487	3136.0									
6489	2577.0									
6494	3857.0									
6496	2219.0	3011.0								
6498	67.0									
6501	2275.0	4114.0								
6502	2039.0									
6503	1668.0									
6505	2862.0									
6510	77.0									
6515	3841.0									
6521	137.0									
6525	330.0									
6527	375.0									
6532	3859.0									
6534	4029.0	1540.0	3514.0	4032.0	4364.0					
6535	3282.0									
6536	1540.0									
6537	2358.0									
6539	2305.0									
6543	208.0	1960.0	1899.0							
6549	4021.0									
6551	3241.0									
6555	214.0									
6556	3837.0									
6558	4054.0									
6563	2893.0	4467.0								
6566	1502.0									
6567	3532.0									
6568	2131.0									
6575	3391.0	2496.0	4345.0							
6576	1139.0	204.0								
6578	3385.0									
6581	8.0	2748.0								
6586	2920.0									
6589	2382.0	3154.0	997.0	378.0						
6590	4266.0	1455.0								
6591	1790.0									
6593	2577.0									
6597	3241.0									
6601	4702.0									
6604	4273.0									
6605	3866.0	387.0								
6608	2697.0									
6610	2730.0									
6613	2578.0									
6620	1373.0	3866.0	2731.0							
6625	4422.0									
6627	2265.0									
6631	1646.0									
6633	757.0	4467.0								
6641	2987.0									
6642	2777.0	1958.0	3866.0							
6643	24.0									
6654	1543.0	3714.0								
6656	2358.0	1286.0	596.0	389.0	4101.0	4401.0	3534.0	1566.0	2399.0	117.0
6657	2748.0									
6665	2565.0									
6666	2577.0									
6671	745.0									
6672	1513.0									
6675	4744.0									
6678	4339.0									
6679	3866.0									
6680	4345.0									
6686	208.0									
6690	1763.0									
6694	508.0									
6698	4401.0									
6706	2118.0									
6707	1540.0	3675.0								
6712	208.0									
6714	1236.0	2440.0	4021.0							
6715	3401.0	2349.0								
6719	2293.0									
6720	3714.0									
6722	2041.0									
6723	1835.0									
6728	3850.0									
6732	2577.0									
6733	1476.0									
6742	1902.0									
6743	2956.0									
6744	1646.0									
6749	336.0									
6750	4475.0									
6754	2274.0									
6755	2118.0									
6756	1594.0									
6757	1139.0									
6758	4605.0									
6760	147.0									
6762	1122.0	72.0								
6764	31.0									
6765	2598.0									
6768	3291.0	2089.0	4306.0							
6770	4122.0									
6773	950.0									
6774	2578.0									
6776	4122.0									
6779	4542.0									
6780	898.0									
6781	2730.0									
6784	1309.0									
6788	4345.0									
6794	1849.0	1110.0	1236.0	1393.0	4751.0	1610.0	2637.0	4191.0	3238.0	4122.0
6796	1544.0									
6798	3871.0	2474.0	1566.0	4216.0						
6803	4467.0									
6804	1687.0	375.0	4744.0	1702.0	2163.0	1119.0	3768.0			
6806	1835.0									
6809	1699.0									
6814	378.0	2269.0								
6815	3267.0	997.0								
6819	3399.0									
6823	2265.0									
6824	3399.0									
6825	562.0	4382.0	48.0	3426.0						
6826	2577.0									
6831	3489.0									
6832	2948.0	2219.0	350.0	3513.0						
6836	893.0									
6839	8.0									
6845	2921.0	3870.0	4697.0	2411.0	1130.0	4607.0				
6846	522.0									
6848	109.0	755.0	1152.0	1300.0						
6850	1610.0									
6854	456.0									
6861	2785.0									
6862	1085.0	861.0	223.0							
6863	4548.0									
6864	2484.0	2598.0	2223.0	3329.0						
6865	4072.0									
6869	4744.0									
6871	3522.0									
6880	4401.0									
6881	1122.0	1763.0	4072.0							
6883	4112.0	3866.0								
6889	2944.0	398.0	4401.0							
6892	2294.0									
6893	3567.0									
6897	2578.0									
6898	97.0	2153.0	3562.0	3745.0	3593.0	3618.0				
6906	2543.0									
6908	1246.0									
6909	1519.0	3300.0	4080.0	1540.0	2358.0	3613.0	1637.0	24.0	4584.0	3864.0
6910	2105.0									
6914	2311.0									
6915	4548.0									
6916	2351.0									
6918	3197.0									
6920	2109.0	1915.0	1063.0	1702.0						
6922	875.0	421.0	4088.0	282.0	27.0	834.0				
6929	2748.0									
6930	1499.0									
6933	3546.0									
6934	2362.0									
6936	1891.0									
6940	3673.0									
6941	4122.0									
6942	4060.0									
6944	1610.0									
6946	3160.0									
6951	187.0									
6954	4044.0									
6955	1960.0									
6959	3154.0									
6965	1702.0									
6967	1939.0									
6972	4348.0	1169.0	4553.0	3507.0	4086.0	4213.0				
6974	893.0									
6979	1699.0									
6980	4422.0									
6982	2153.0	3237.0								
6984	3450.0									
6989	4498.0	786.0	2946.0	1883.0						
6992	1868.0									
6994	2577.0									
6997	3241.0									
6998	765.0									
7000	247.0									
7002	2023.0									
7007	2163.0									
7008	4751.0									
7010	2299.0									
7013	4467.0	2921.0								
7014	2039.0									
7015	3081.0									
7017	1891.0	4260.0								
7018	3162.0									
7023	2930.0									
7025	1968.0	1769.0								
7033	1952.0	474.0								
7034	1236.0									
7036	4333.0									
7037	3534.0									
7038	4411.0									
7041	4422.0	3291.0	24.0	1954.0	3866.0	3857.0				
7043	3291.0	1297.0	4072.0							
7045	1122.0									
7050	2351.0									
7053	2219.0									
7055	3493.0									
7056	2577.0									
7057	893.0									
7060	2234.0									
7062	3546.0									
7064	3049.0									
7065	189.0									
7066	247.0	3145.0								
7068	4420.0	2639.0	421.0	295.0	1196.0	2382.0	2105.0	1326.0	2834.0	4122.0
7078	378.0									
7082	3507.0									
7084	1540.0	1624.0								
7085	4062.0									
7088	421.0	3534.0	3638.0	4423.0	1540.0	1964.0	3241.0	1236.0	688.0	
7092	4206.0	3740.0	2275.0	1135.0	4423.0	2651.0				
7098	2092.0									
7099	1476.0	732.0	436.0	3931.0	4072.0	4644.0	3197.0	3122.0	4039.0	
7101	3267.0									
7103	2683.0									
7104	3154.0									
7108	1505.0									
7118	2148.0	1566.0	1773.0							
7120	3164.0									
7126	3569.0	544.0								
7127	3534.0									
7132	2577.0									
7134	3698.0	1902.0	2223.0	1476.0	2983.0					
7135	2279.0									
7136	27.0									
7141	1759.0									
7142	2710.0	1892.0	330.0							
7146	3468.0									
7147	3156.0									
7148	4422.0									
7149	627.0	3451.0	1375.0							
7151	290.0									
7152	429.0									
7153	375.0									
7161	1183.0									
7166	1375.0									
7167	3567.0	371.0								
7170	3569.0	1118.0	4449.0	3628.0	1348.0	2956.0	3562.0	4345.0	4548.0	3967.0
7172	3631.0	948.0	3433.0	3921.0	760.0	1819.0				
7176	350.0									
7178	4660.0									
7180	893.0									
7182	4122.0									
7184	1902.0									
7185	3831.0									
7186	3291.0									
7189	208.0	3569.0	1979.0	1902.0						
7190	2142.0									
7192	1540.0									
7194	4444.0									
7195	720.0	608.0	1236.0							
7199	3871.0									
7202	2251.0	535.0	3011.0							
7203	2493.0	56.0								
7205	3241.0									
7208	282.0									
7209	3045.0									
7212	4511.0	2881.0								
7215	1540.0									
7216	4534.0									
7220	414.0									
7222	703.0									
7224	4054.0									
7227	2983.0									
7229	997.0									
7240	1902.0	2963.0	3831.0	3507.0	3170.0	2656.0	1186.0			
7241	2990.0									
7243	4212.0	2251.0	893.0	2987.0	3378.0	3562.0	930.0	1236.0	4562.0	1891.0
7245	4401.0									
7247	1902.0									
7248	3281.0	2436.0	1354.0	4744.0	997.0	3670.0				
7249	2118.0									
7256	4562.0	2151.0	3221.0	3092.0	4072.0	3150.0	3210.0	1212.0	40.0	
7258	2002.0									
7260	4067.0	3241.0	1157.0	1455.0						
7261	1285.0									
7263	4220.0									
7265	4159.0									
7266	1790.0									
7271	3489.0									
7275	69.0									
7277	4133.0	997.0	1968.0	1610.0	4422.0					
7281	3197.0									
7285	1624.0	4519.0	247.0	1466.0	3866.0	4029.0	2883.0	628.0	4401.0	
7286	1179.0	4429.0	4083.0							
7290	2788.0									
7291	9.0									
7293	3837.0	1516.0								
7297	2039.0									
7298	4512.0									
7299	4159.0									
7301	2187.0	2881.0	1077.0	2921.0	3660.0					
7304	1540.0									
7308	3562.0									
7309	2945.0	906.0								
7312	2517.0									
7313	1879.0									
7314	3562.0									
7316	27.0									
7317	1457.0									
7318	2705.0									
7319	192.0	893.0	2920.0	3740.0	3669.0	1950.0	1492.0	4670.0		
7324	906.0									
7326	3866.0									
7333	4021.0									
7335	4040.0									
7336	2239.0	989.0	1642.0	1954.0	522.0					
7340	2496.0									
7345	2393.0									
7346	4021.0									
7350	3197.0									
7351	1759.0									
7353	2740.0									
7354	161.0									
7355	4422.0									
7357	3133.0	2215.0	3476.0	4678.0	821.0	335.0	3320.0	535.0	4512.0	
7360	4659.0	3787.0	1251.0	1179.0						
7361	4422.0									
7363	4376.0									
7367	782.0									
7368	4339.0									
7369	3569.0									
7380	1686.0									
7381	2333.0	1196.0								
7383	3534.0									
7384	1540.0									
7385	3837.0									
7386	775.0									
7388	79.0									
7390	3787.0									
7398	375.0									
7400	2148.0	4632.0								
7401	2956.0									
7403	1902.0	4401.0	1285.0							
7404	4081.0									
7406	1066.0	4345.0								
7411	1566.0	29.0								
7412	3489.0	330.0								
7413	1041.0	2411.0								
7415	2777.0	4440.0	4545.0	1958.0	2132.0	2311.0				
7423	546.0									
7426	3534.0									
7431	4238.0									
7435	1902.0	1096.0								
7436	4670.0									
7438	3901.0									
7442	4460.0	3638.0	2811.0	3714.0	2966.0	4335.0	1954.0	417.0		
7443	1181.0									
7445	3859.0									
7448	1881.0									
7449	1769.0	745.0	3547.0							
7451	2705.0									
7452	997.0									
7453	134.0									
7454	535.0	4029.0	760.0	2920.0	4162.0	1789.0				
7456	2577.0									
7463	1954.0									
7465	3441.0									
7468	1773.0									
7471	1095.0	1610.0	67.0	3952.0						
7472	2987.0	1476.0								
7473	4188.0									
7474	4380.0	2618.0	1594.0							
7477	4491.0	1999.0	3824.0							
7478	4694.0									
7479	3327.0									
7483	995.0									
7490	4206.0									
7491	4665.0	370.0	4452.0							
7493	4122.0									
7494	3274.0	2952.0	3967.0	3378.0	2300.0					
7495	375.0									
7499	3241.0									
7503	1594.0									
7506	4422.0									
7508	4412.0									
7512	3241.0									
7514	1902.0									
7518	1135.0									
7520	1067.0	3963.0	362.0	1891.0	2131.0	3534.0	417.0	1600.0		
7521	626.0									
7526	790.0									
7530	768.0	3452.0	1511.0							
7531	1653.0									
7532	4548.0									
7539	4418.0	152.0								
7544	2612.0									
7546	2382.0									
7547	3205.0	4436.0	24.0	540.0	3135.0	1953.0	1067.0	3489.0		
7549	2538.0									
7552	3401.0	3197.0								
7554	4401.0									
7561	3241.0									
7562	314.0									
7564	3126.0	1476.0								
7566	1477.0									
7572	1373.0									
7573	3664.0									
7574	3196.0									
7576	2577.0									
7578	3385.0									
7580	4122.0									
7582	720.0	2816.0								
7584	1077.0									
7586	3241.0									
7590	2846.0	1646.0								
7593	451.0									
7595	4548.0	2083.0								
7597	1763.0									
7599	4286.0	3188.0	2185.0	3660.0	3628.0	1507.0				
7604	816.0									
7607	4422.0									
7611	4000.0									
7619	838.0									
7621	879.0									
7623	3655.0	2983.0	2460.0	919.0	1851.0					
7631	3824.0									
7633	535.0									
7636	1236.0									
7638	670.0									
7639	4072.0									
7640	3140.0									
7642	27.0	2484.0	2148.0	3378.0						
7644	802.0	3866.0	3569.0	375.0	3329.0	1464.0				
7649	62.0									
7650	1436.0	3866.0								
7651	1574.0	1912.0	3377.0							
7652	1540.0	2240.0	80.0	3567.0	3484.0	2384.0				
7653	2351.0									
7654	1954.0									
7655	4449.0									
7656	375.0									
7670	1380.0									
7671	4159.0									
7672	3866.0									
7674	2270.0									
7680	844.0									
7685	4756.0									
7687	1699.0									
7691	3811.0	3274.0								
7695	1790.0									
7699	3714.0									
7701	2577.0									
7704	3244.0									
7706	523.0									
7707	1594.0	3452.0	1825.0	2921.0	4548.0	3972.0	3963.0			
7708	4222.0									
7709	4367.0									
7710	941.0									
7712	4422.0									
7716	2595.0									
7718	3282.0									
7719	3630.0	1014.0								
7722	2823.0									
7724	421.0									
7732	1540.0									
7734	4422.0									
7735	304.0	3569.0	1763.0	592.0						
7737	4122.0									
7738	3450.0									
7740	3197.0									
7741	1005.0	4542.0	3192.0	857.0	100.0	151.0	4676.0			
7742	3241.0									
7746	997.0									
7753	3666.0									
7754	1835.0									
7756	1507.0	1077.0	2211.0	4467.0	4690.0	947.0				
7758	989.0									
7766	985.0									
7768	3241.0									
7769	1699.0									
7774	790.0									
7778	3175.0									
7780	893.0									
7781	375.0									
7782	3197.0									
7785	1505.0	2092.0								
7786	4690.0	282.0								
7790	985.0									
7793	1072.0									
7795	1076.0									
7796	2577.0									
7798	3399.0									
7807	48.0									
7808	4122.0									
7810	1492.0									
7815	3135.0									
7818	1540.0									
7819	1511.0									
7820	3787.0									
7822	1502.0	3534.0	540.0	1071.0						
7825	2173.0	765.0								
7830	1071.0									
7832	838.0									
7834	2573.0	522.0								
7843	3329.0	1007.0								
7844	2655.0									
7845	3562.0	3328.0	3615.0	2148.0	2976.0					
7851	4045.0	282.0	2928.0							
7854	3241.0									
7855	3154.0									
7856	3154.0									
7857	4548.0									
7858	402.0	1540.0	24.0	247.0	765.0	2092.0				
7859	1827.0									
7865	3241.0									
7866	535.0									
7867	4401.0									
7868	3698.0									
7870	3812.0									
7871	3963.0	2816.0	2307.0	97.0	3648.0	350.0	36.0	3241.0	3817.0	2487.0
7872	2080.0									
7874	3736.0									
7875	4422.0									
7878	1116.0									
7879	372.0	2299.0	2207.0							
7881	2987.0									
7882	1683.0									
7883	1119.0									
7884	4744.0	2023.0	4237.0	1041.0	637.0	1139.0	4427.0	2822.0	4475.0	4022.0
7892	1491.0									
7893	3197.0									
7896	1957.0	4674.0								
7897	2740.0									
7900	3378.0	801.0	3272.0							
7902	4423.0									
7904	1954.0	4491.0	2251.0	2730.0	3544.0	868.0	4339.0	4467.0		
7905	2993.0									
7907	4401.0									
7908	3955.0									
7914	3241.0									
7918	4321.0									
7923	3507.0									
7925	3378.0									
7926	2393.0									
7928	1619.0	1095.0								
7934	1917.0									
7935	1505.0	214.0	1516.0							
7937	4769.0	3498.0	4345.0	3281.0	2039.0	3927.0				
7938	1419.0	1827.0	1763.0	3291.0						
7939	2153.0									
7940	1122.0									
7941	4673.0									
7943	4596.0									
7944	997.0									
7952	595.0									
7953	631.0									
7963	1976.0									
7966	2493.0									
7971	3353.0									
7973	3562.0	3378.0	3534.0	377.0	3507.0	816.0	4122.0	1324.0	3967.0	989.0
7975	1610.0	2051.0	3713.0							
7978	1540.0									
7979	1594.0	997.0	2484.0							
7982	4548.0									
7984	2386.0									
7985	3411.0									
7988	3740.0									
7989	1072.0	3103.0	3385.0							
7991	1113.0									
7992	456.0	223.0								
7996	2577.0									
8000	1506.0									
8002	3135.0									
8004	4423.0									
8006	3698.0									
8009	3693.0									
8011	893.0									
8018	2484.0									
8021	522.0	1958.0	1578.0							
8022	3540.0									
8024	4701.0	1857.0	4434.0	2219.0						
8026	3795.0									
8027	3810.0	2321.0								
8032	4583.0	590.0								
8035	3450.0	2105.0	3135.0	532.0						
8036	947.0	187.0	2059.0	4401.0						
