 0 "2748 4627 3267 1594 1664 403 3866 327 2092 1345"
0 1 4422
1 8 "1357 4583"
2 14 "2574 1739 2597 194 3030 3246 2087 3142"
3 23 "3197 535 4122 3241"
4 25 1169
5 29 3241
6 30 3857
7 33 4422
8 37 "4086 42 250 2130 539 1236"
9 47 "3264 1760 3064 40 377 4339 1373 637"
10 49 930
11 54 24
12 58 442
13 60 2092
14 62 24
15 64 "3914 436"
16 67 4153
17 70 "2291 1170"
18 73 1013
19 75 3667
20 76 1999
21 78 3197
22 80 "223 378 1802 906 793 2364 4464 4748 2577 1600"
23 86 "997 4373"
24 88 417
25 93 "1256 3241"
26 94 "396 3450 3034"
27 98 838
28 99 1122
29 102 "3871 1505 4548 4523"
30 109 "3713 4401 2920 4103 1954 4274 4748 2305 1578 1953 2289 3999 4562 4306 1894 3866 930"
31 110 "1405 1596"
32 111 "4395 378 2873"
33 112 "2590 1085 1835 2517 4345 3048 326 3197 1340 2153"
34 116 "826 2148 1218 839 3698 522 628 1332 4548 765 3999 1179"
35 120 4744
36 127 "4159 1239"
37 129 378
38 132 "3307 3241 2805 3252 2794 24"
39 134 3464
40 135 "3026 3604 3972 997 4422 4072 3196 3670 2850"
41 136 "4755 2789"
42 139 4166
43 144 "1324 1879"
44 145 "3011 3795 3378 2219"
45 146 24
46 147 "893 1540"
47 148 3831
48 152 "3154 3103 587 2542 4072 2873 1763 4519 4017 1179"
49 157 "2657 632 803 3478"
50 159 4449
51 163 2473
52 164 3264
53 167 "4511 4206 4423"
54 168 "535 1359"
55 169 "4614 501 2163 4113 2624"
56 173 "3787 1056 4467 3507"
57 174 "421 1757"
58 175 711
59 177 3810
60 178 "3328 3932 3383"
61 181 4176
62 187 "600 2527 4158 378 3972 78"
63 188 3034
64 191 3948
65 192 "8 2807 1775 4720 2657 163"
66 194 3241
67 195 2816
68 200 2740
69 201 375
70 205 "1578 2364 4266 4465 1476"
71 208 1203
72 212 "1203 1575 2577 4548"
73 213 "3667 1578 790 2392"
74 215 2159
75 218 "4165 2351 693"
76 219 "3787 436 3921 4203 1118 375 3254 1508"
77 220 "1434 3797"
78 221 3114
79 223 352
80 230 "378 4422 3664"
81 231 3488
82 232 787
83 236 "625 1189 2884 1879 1699 947 74 160 4423 4068 4206 2152"
84 237 "2239 2484 2188 3567 2921 3109 4751"
85 238 "1254 2039 337 1945 535 3534 2219 1566 2577 2382 2148"
86 239 "3160 2542 2971 1326 3875 4309 3963 4756 1375 3904 4460 3353 9 4324 2793 4043 4548 2118 3565 1867"
87 240 1540
88 246 4401
89 247 "1671 671 4403 1085 2044 562 3267 493 3841 3874 4359 3888 2925 4449"
90 248 2577
91 252 4401
92 253 981
93 261 "2518 798 4122 3860 4474 1291 249 2875 3917"
94 267 475
95 268 24
96 270 757
97 272 4511
98 273 4422
99 276 "1252 1122 3440 3562"
100 282 645
101 283 3373
102 286 4756
103 289 4422
104 294 1999
105 298 2987
106 300 3534
107 301 "2092 1118 1610 4122 2131 3507"
108 302 4504
109 303 2577
110 305 "436 3197"
111 306 "3770 1553 2299 4467 1348 3077 187 1297"
112 309 4401
113 310 "1594 4430 350 1139 3369 1853 2271 1361 4302 1760 3102 1835 157 821 2039 4298 4491 1920 1438"
114 312 "1865 2595 9 595"
115 313 671
116 314 1324
117 321 "2473 3450 1108 4309 3565 949 4585"
118 322 "524 2443 41 4552 2073 1102 4266 4602 869 4021 3963 3173 3615 4629 2508 1412 3736 3230 1077 1959"
119 323 1578
120 326 3154
121 328 "3888 4401 359"
122 329 "907 970 3753 4224"
123 331 1007
124 332 2484
125 334 71
126 335 633
127 344 1229
128 355 2912
129 357 1285
130 358 4553
131 359 "2118 2773 874 3669 862"
132 361 1499
133 365 4112
134 367 "1071 2421 38 2677 3837 1608 4024 4079 4422 1835 4456 2362 2039 4744 2136 3871 1798 2067 2094 744"
135 370 4401
136 371 "1130 1689 2827 2496 2921"
137 372 "421 1916 304 27 3197 1068 2059 2660 2677 223 2735 1768 738 3300 2697 2856 4553 4204 3450 4158"
138 376 "3967 4744"
139 382 "4734 4467"
140 392 "2580 318"
141 394 2577
142 395 3507
143 396 3669
144 398 "4444 1766 2118 4250 1578 3921 3446"
145 401 3713
146 402 "3967 3999"
147 403 2657
148 404 542
149 405 "2079 1286 2131 4401 3439"
150 407 "110 4345 3853 878 4585 1540 358"
151 409 "1578 1324 1646 4482 2304 1643 2697 1540"
152 417 3160
153 420 "4380 2275 3513 2067 2763 2881 3011 3963"
154 423 "3864 2956 1324 3197"
155 424 "3196 2382"
156 429 2577
157 431 2294
158 432 2048
159 434 "508 4072 3687 2921 1007 535 3241 2024 1179 2748"
160 437 "3291 1218 326 2577"
161 442 "628 4467"
162 443 766
163 444 "362 314"
164 453 3757
165 454 "1575 3567 318 4557 2573 4700"
166 455 "1739 2039 3952"
167 456 2577
168 478 "330 2996"
169 479 4422
170 484 1013
171 486 4422
172 488 2642
173 489 4122
174 490 "4444 1996 708 1196 2069"
175 491 3811
176 494 3664
177 496 "4548 3534 1077 3714 3725 2881"
178 498 3534
179 499 "1285 2275 2067 1945 350 3615"
180 500 1624
181 501 "4324 3197"
182 502 "2577 821 1759 4266"
183 505 "177 1575 1196 3450 3300 1646 1309 2883 1476 3446 3452 631 3246"
184 507 "1115 417 282 4213"
185 511 "2577 838"
186 512 "2362 482 3543 3669"
187 519 2253
188 520 4401
189 522 "162 595 1011 809 464"
190 525 "350 1071"
191 528 "1578 3944 1999 4072 163 816 737 4595 3713 2577 1696"
192 533 735
193 534 4422
194 535 36
195 542 "997 1151"
196 548 3567
197 550 4422
198 553 "535 508 3031 1499"
199 554 "1285 4072 1080 3208 1014 1153 658 910"
200 559 "3481 3281"
201 562 "893 4548 3534 4401 1610"
202 565 3797
203 566 375
204 568 2092
205 569 3653
206 571 "4213 1952 997 3787 959 1763 782 282"
207 573 "4744 4401"
208 578 3233
209 579 1540
210 580 "3930 1863 4475"
211 582 "1980 4702 3273 616 1761 133"
212 583 "893 2219 2677 1105 3328 3274 3011 24 353 2928 4467 1542 1616"
213 585 3972
214 587 4401
215 590 256
216 592 616
217 594 765
218 599 1945
219 602 "3507 4759"
220 603 "4511 3871 4122 350"
221 605 "3373 4422 1540"
222 610 "3378 2298 1108 1117 997 1660 2376 4423 1608 2424 336 2340 1286 377 2586 1886 2735 4108 1567 3455"
223 611 2577
224 614 1122
225 615 "1835 4449 3197"
226 620 3154
227 622 1085
228 625 4422
229 629 "2577 1179 2092 950"
230 631 1835
231 635 3241
232 638 1366
233 641 "1624 2612"
234 642 "874 2946 45"
235 647 "2185 2054 1224 985 4422"
236 649 "4686 4744 199 4497 2092 4422 1117 4584 1566 4339 1193 3291 3837"
237 650 "2351 1954 714 4266 2268 893 1095 3459 869 1355"
238 651 "3197 1763 2777 2855 3130 258"
239 654 "3411 2653 2132 3764 4303 2873"
240 656 "352 535 1095 1361 169 1596 1354 3197 647 3150"
241 658 "4159 1179 2382 604"
242 667 "2518 3742"
243 672 1236
244 677 4423
245 681 "1389 4358 3196 3562 1236 2748 3846 2251 3912 3507 4179 1763 247 4339 1285 2315"
246 682 "3726 1203 1575 1625 152 1578 402 1972 4041"
247 684 847
248 686 4159
249 689 931
250 692 "1610 3109"
251 696 997
252 698 4401
253 699 "2697 981"
254 702 "375 162 604 3399 522 267 790 1580 3300 419 2746 2393 4298 4001 3658 3866 1505 972 1252 4422"
255 711 3954
256 713 "3009 1610"
257 715 "421 1324 3450"
258 721 2250
259 725 "682 1733 3698 3229 720 2319"
260 726 3241
261 729 "3211 1013"
262 731 1594
263 734 3930
264 735 27
265 736 1540
266 737 3613
267 738 1857
268 743 "3329 2780 3281 2328 169 3787 177"
269 744 "4744 3837 1790 3999 24 2476 535 3203 816 132 3216 3300 2148 1935 1392"
270 749 2996
271 752 "616 3787 3873 187 2092 4484 3844 2342 2474 3401 1502 274"
272 754 3241
273 756 "3274 3669 1902 3544 2920 2131 958 3866 3104 1872 3534 3241 3371"
274 757 "4368 2816 1118 3698 3018 3667 3562 3866 3104 765 4542 67 350 117 1759 1566 2148 720 736 1496"
275 758 "3419 33 2987 4113 3714 4631 4034 4519"
276 761 "1111 1783 1014"
277 765 "863 2655 4213 1877 4482 2473 2577 2237 4281 3580 3066"
278 767 "1619 3562"
279 775 "3267 4159 3133 2929 4246 3023 1202 2677 1238 2148 3197 3144 2092 4001 2850 3653 2273 78 1118 332"
280 776 2159
281 779 121
282 780 1540
283 781 "2740 57"
284 783 "2577 28"
285 786 3241
286 790 "2577 1660 4401 2219 4484 2579 3009 3197 1540 4504 242 3798"
287 792 3795
288 795 "1565 1388 2142 1071 2474 24"
289 796 "1072 4272 1036"
290 808 "1742 3921"
291 809 "1610 2956 2577"
292 812 "3866 1578"
293 817 "1637 4537 4605 2612 1540 4438 1575 4423 1566 417 4380 2173"
294 819 3522
295 820 "456 2382 1902"
296 821 "3615 535"
297 824 "4659 1540 2883 1238 4507 2937 4383 4475 4753"
298 826 2740
299 833 "3534 3291"
300 835 "3267 3233"
301 837 "4072 290 774 4159 4366 77"
302 841 2173
303 844 3145
304 845 67
305 852 "3534 3963 3272 1077 1105 1437 1540"
306 858 4422
307 860 "3077 1744 2484 535"
308 861 "2545 3232 4021 3498"
309 865 "421 610 3378 4022 1382 3281 4422 1578 3293 372 2827 65 3179 1272 2308 3106 3534 4765 4459 1891"
310 866 3196
311 867 1324
312 868 522
313 872 "1931 1011 419 275"
314 874 1773
315 875 3281
316 879 "2595 4553 819 1072"
317 882 "2994 337 3839 3977"
318 883 "4306 2883 3567 1179 3281 1502 3196 1499"
319 889 2467
320 890 1945
321 894 1135
322 895 2612
323 897 2092
324 899 "1324 2449 27 2748"
325 903 "522 816 4486 4768"
326 909 "2577 1953 3241 4009"
327 913 2440
328 916 2205
329 924 "2105 4756 2335 4553 27 4122 3197 2069 4585 3972 4159 615 1794 116 1835 3753 2477 1118"
330 926 3399
331 927 "3293 3714 1077 3272 1699"
332 928 4542
333 931 3197
334 933 "765 3011 4562 4022 2148 3534 3628 2324 2920 3797 3837 3944"
335 934 "3233 3246 1497"
336 937 1578
337 938 1309
338 940 2658
339 947 "2060 1011 475 1276 191 4719 898 1295 1493 208 3699 27"
340 954 1506
341 955 "3669 821 3267 3562 3866 3972 4449 371"
342 958 "3948 1523 1578 1179 3246"
343 960 "3567 1169 3590 4642"
344 962 1324
345 963 893
346 967 "2474 4122 816 1540 46 330 1873 4475 4104 3197"
347 969 2362
348 972 3866
349 973 "2273 3464 1983 1037"
350 974 "1588 1989 2092 24"
351 976 3302
352 977 4562
353 980 "161 893"
354 983 1996
355 984 "3567 24 3831 3489 4605 3164 2173 4423 2250"
356 994 2910
357 996 27
358 998 "2943 3241"
359 1001 3246
360 1004 3232
361 1005 "3999 3866 4519 893"
362 1006 893
363 1007 "2382 790 3897 378"
364 1009 "628 1095 493"
365 1012 "3023 1964 3614 3378 1540 2173 2023 1135"
366 1016 1780
367 1017 3399
368 1023 "3378 3912 2173 3493 1118 2148"
369 1024 1122
370 1026 "3833 874 1393 2052 2908 4055 1733 2542 3598"
371 1029 "2578 3967"
372 1031 1375
373 1032 4751
374 1035 "3866 4061 3805 3498 223 3241 2215 4467"
375 1036 "330 1122"
376 1037 "1105 4339 2956"
377 1041 3823
378 1044 3693
379 1047 "337 378 4422 1601"
380 1055 3011
381 1057 3580
382 1058 "3291 2881"
383 1066 "4179 684 2273 1273 1601"
384 1075 "2581 3197 2151 291 4024 1285 3210 3196 3829 1346 3411 2677 4072 116 2749 523 1540 40 3067 2159"
385 1078 2383
386 1079 2748
387 1088 1540
388 1100 4400
389 1107 4764
390 1108 "3241 4400"
391 1112 "4061 4593 2092 4068 2484 2340 1954 2039 2153"
392 1115 "2336 1610 888 2777"
393 1116 2484
394 1117 "2630 421 2851 157"
395 1120 4366
396 1121 269
397 1125 744
398 1132 2816
399 1135 "2105 1794 3457 878 782 3251"
400 1137 3972
401 1138 "2748 27 1594 535 3105 1139 2732"
402 1142 2335
403 1145 "4422 3356"
404 1153 "4511 3562 1348 742"
405 1158 2740
406 1160 "1540 4190"
407 1163 "4671 3426 2173 4661 4303 4726 280 378 4028 1218 2044 307 1555"
408 1165 "3990 1726 4106 4630"
409 1169 "1857 4744 3534 3246 330 4548 765 247 1502 1566 1540 3562"
410 1172 745
411 1173 4605
412 1175 1540
413 1180 4258
414 1181 "2142 4422 3861 1373 3921"
415 1183 569
416 1185 3241
417 1187 "3360 2101 1449 1179 2661 3864 3565 766 2015 4519 3174"
418 1188 2111
419 1189 "997 4422"
420 1195 "23 2206 1057 622 3921 3693 1766 4082 1780 1911"
421 1198 4171
422 1199 4523
423 1200 "2092 3336 3653 1544 378 2484 4422 350"
424 1201 1135
425 1203 3534
426 1208 4744
427 1209 3740
428 1210 "2804 1958 3522 838"
429 1216 "4401 2559 1122"
430 1218 "1564 3450 4306 2540"
431 1223 "3446 311 2449 1610 1934"
432 1224 522
433 1226 "1238 2305"
434 1235 "2092 1110 1594 4405 3613 1166 67 3522"
435 1238 3967
436 1243 3837
437 1244 2827
438 1246 930
439 1255 1646
440 1256 "605 67 950 1619 1122 3972 3246 1610"
441 1257 "3105 297 2921 2773 3631 970 2589 1711 4682 757 9 123 4744 3928 833 1867 893 2922 907 2866"
442 1259 2092
443 1264 2577
444 1268 "1540 4339"
445 1272 4373
446 1274 3567
447 1278 "417 2600 3414"
448 1281 "326 3329 4401 522 4744 402 3011 3197 4727 3366 2740 3999 1289 3534 2577 893 4422 1540 3866 3540"
449 1284 570
450 1285 997
451 1288 "1865 282 1072 3103"
452 1289 "1105 947 3164 3274 4401 2131 3135"
453 1290 2069
454 1291 "1135 2371 3667 3267"
455 1292 4401
456 1293 "888 2577 945 4659 3544 424 3026 4072 1954 223"
457 1294 "4043 1540 4744 31 3811 2206 2607 2092 981 4327 2642 4444 338 16 97"
458 1295 997
459 1300 189
460 1306 247
461 1307 "2577 3664"
462 1309 4401
463 1311 "3615 223 1122 1763 522 1105"
464 1313 "3077 1236 434 4642 3246 714 1646 2784"
465 1318 "1073 2655 1610 893 4504 901 720 930 4029 1540 285 1640"
466 1321 "1540 208 678 3300"
467 1327 "3012 3795 4422 3569"
468 1331 1594
469 1332 1610
470 1333 "1324 2577 1610"
471 1337 1309
472 1338 "3445 2092 3811"
473 1346 1635
474 1349 1999
475 1353 2956
476 1359 4548
477 1361 "1253 2305 3567 1118 4339 3930 2850 3562 358 1096 132 2163 2577 821 4594 3866"
478 1362 "4581 2843 2313"
479 1364 6
480 1367 "2197 4422 1763"
481 1370 1968
482 1371 1946
483 1378 4484
484 1379 "2092 24 1610 3241 540"
485 1380 3878
486 1385 "1791 4194 4021 3234 1337 436 498 546 84 4159"
487 1388 3196
488 1389 2308
489 1390 1196
490 1393 2092
491 1395 4345
492 1397 583
493 1398 "825 3567 1702 3446 1169 4029 2092 4311 2517 1610 3998 3019"
494 1399 3034
495 1400 "1763 898 3507 4670 720 436 1610 2881 2735 893 3787"
496 1402 833
497 1405 "1634 1621 2484 3866"
498 1407 4122
499 1409 "881 1780 2103 267 3452 388 3596 2983 1396 3684 1702 1101 810 3308 24 3863 208 292 3749 1881"
500 1410 2382
501 1414 "899 2459"
502 1416 "3711 4553"
503 1418 "3866 3942 4230 1578 865 2740"
504 1419 "1540 2250"
505 1420 "4316 3753"
506 1423 350
507 1427 3520
508 1430 2092
509 1437 "1596 2299 4700 2683 2303"
510 1439 "1644 2595"
511 1440 "340 3747 2308 986 1348"
512 1442 "3464 3291"
513 1444 "1348 3218 375 2029 3060 2484"
514 1445 "3998 343 3866 3005 4548 850"
515 1446 1196
516 1448 "350 4562 4422 893"
517 1454 2092
518 1455 "2998 3450 765"
519 1459 4562
520 1460 2564
521 1462 "2577 3135"
522 1468 "2041 198 4553 223 2848 3170 4497 726 878 1218 4029 4475 3452"
523 1469 2740
524 1471 "2281 1077 123 860 1575 2921 4401 814 893 758 2299"
525 1473 3254
526 1474 "1122 2507"
527 1476 1594
528 1477 "1286 556 973 2239 677 662 3464 1770 260 3010 1348 1578 4422 67 4435 2379"
529 1482 "2639 4072 2681 1324 1983 3791"
530 1484 "3920 3836 3808 305"
531 1486 1373
532 1487 247
533 1493 189
534 1494 3291
535 1495 "3300 3241 2340 4303 1505 1239 4491 1769 1139 1759 4700 2148 4584 2712 2850 4122 4519 2251 311 997"
536 1502 1540
537 1505 1863
538 1507 378
539 1510 "2577 1445 3567"
540 1512 "3713 2892 2976 1632 3197 4358 3382 3801 3241 4721 1555 4755 4205 2223 3246 2987 2251 1340 3254 1236"
541 1515 2039
542 1517 "3489 4401 3241 3963 3628 337 2187"
543 1518 4422
544 1520 1954
545 1521 1822
546 1522 "270 997 1499"
547 1524 "375 2748 1012 3154 1759 3687 1643 4121"
548 1532 1179
549 1535 2039
550 1536 2681
551 1539 4266
552 1540 "797 2018 2881 74"
553 1541 710
554 1544 "208 1348 3160 1229 1568 2035 2216 290"
555 1546 4162
556 1547 399
557 1549 "3021 1902 893 4104 4663 4018 1897"
558 1554 3009
559 1555 375
560 1556 2092
561 1558 3422
562 1562 375
563 1567 2987
564 1570 "33 3713 3669 1624 2503 3999"
565 1571 "1580 4072 2697 920 318 535 2956 3653 1759 4550 1499 651"
566 1573 "4467 4659 4021 475"
567 1574 "3366 671 3268"
568 1578 "3291 4422 1743"
569 1581 2577
570 1584 "421 989 2730"
571 1587 "3967 3011"
572 1590 4422
573 1591 "189 3154"
574 1594 251
575 1600 "1179 2996 2600 997 893 2740 1505"
576 1601 "4553 3298 714 4213"
577 1602 330
578 1605 2250
579 1606 "256 3489 535 3513 2987 3669 997 4422 1489 4339 1105 3196 2092 27 2219"
580 1608 "419 201 782 4585 1300 4684 1985 3955 1072 137 3116 3878 1769 2820 1540 3360 2589 1835 2951 13"
581 1610 "3267 3329 282 4620 1942"
582 1613 1954
583 1617 4686
584 1624 "950 653 3566 596 774 1071 2697 1696 1544 3093 4059 790 2474 3401 1835 3267 3154 78 421 2219"
585 1627 "3857 1355 3963 3534 2173 2881 2299 1891 1954 3293"
586 1628 "2358 1516 893 3135"
587 1629 4346
588 1633 3507
589 1634 4171
590 1636 "4401 1610 4485 1945"
591 1638 3233
592 1642 4548
593 1643 "2738 3267"
594 1648 3871
595 1649 "3866 421 3378 2131 3053 1945 720 1077"
596 1651 3513
597 1655 "2578 2039 1954 1879 3525 3985 359 2618 3628 3857 1893 1699 3093 2791 4501 161"
598 1657 926
599 1658 "1644 3196 2279 732 493 223"
600 1660 2613
601 1669 4347
602 1671 "535 4475 3516 2619 1176"
603 1672 311
604 1673 "3718 1241 3604 4028 4423 3667 3378 3841 1079"
605 1680 2364
606 1681 1122
607 1685 "2644 256 2478 4423"
608 1687 4054
609 1689 2484
610 1690 4744
611 1691 1418
612 1692 "2043 295 2299"
613 1694 2051
614 1698 109
615 1700 "3569 2382 4422 2094 3874 2677 2092 2059 78 2393 2117 3154"
616 1702 1540
617 1704 "997 2763 1835 1117"
618 1705 "1506 2375 148 775"
619 1707 1825
620 1712 3012
621 1715 "3274 2251"
622 1716 "1594 2748 2305 4491 137 2382"
623 1722 "3866 1540 3104 4401 997 378 1139 1763"
624 1725 "1610 1644 4718 3450 888"
625 1732 "802 2577 1252 4122 337 1179 378 267"
626 1733 4012
627 1735 1600
628 1737 2921
629 1743 "2850 3571 169"
630 1744 "3640 3357"
631 1745 "4670 2305"
632 1746 1610
633 1747 "45 1116 1122"
634 1748 "1236 1007 2731 337 4548 1566 3075 4744 3866 3205 1879"
635 1753 "1733 3521 1835"
636 1757 "3197 4104 4584 730 2827"
637 1763 "161 3205 3241"
638 1765 "4491 1857 820 3197 1203 1835 4024 3411 3522 1105 583 3241 1139 3489 1619 522 4584 4399 247 906"
639 1768 "371 1132 247"
640 1772 "1179 4507 1780 1902"
641 1773 "4303 2037 522 4519 2515 217 1594 1110 2092 1297 4110 3385 4043 4693 1014 3972"
642 1776 4562
643 1777 456
644 1778 2529
645 1780 "588 2517 2132 2866"
646 1781 3464
647 1786 3376
648 1788 4122
649 1790 2824
650 1791 "2305 1977 1238 2163"
651 1795 1203
652 1798 4206
653 1801 24
654 1807 "1954 4523 1077"
655 1808 1169
656 1811 468
657 1812 2518
658 1817 1703
659 1825 "493 4430 2716 3498 3197 754"
660 1826 "833 4432 4325 2866 1115"
661 1828 "4553 2203 3693 588 2333 878 3926"
662 1833 "2148 2763 3819"
663 1835 "3778 1175 3077 2118"
664 1836 "2187 3302 4523 1954 2578 3135"
665 1837 378
666 1838 3628
667 1841 4422
668 1843 3972
669 1846 1110
670 1849 "1578 2449"
671 1851 "427 3366 3534 1420 1754 3880"
672 1856 4670
673 1860 "1540 3866"
674 1863 1988
675 1864 4738
676 1865 "1117 1516 4663 3399"
677 1869 3197
678 1872 "375 3200 3839"
679 1873 2530
680 1875 "3866 3373 3999 2372"
681 1876 "137 3795 3667 4159 997 247"
682 1878 810
683 1890 2713
684 1896 "1760 2850 3773 3392 3197 78"
685 1897 2159
686 1898 "1373 3972"
687 1899 "4444 4395 1101 2260"
688 1901 1566
689 1904 3626
690 1908 "1835 3328 997 3664 3718 2748 2382 252 2709 1285 4459 3497 2749"
691 1910 4122
692 1911 3450
693 1916 "4720 350 2073 3011 4306 3615 4212 3614 4206 4153 2219 3274 3233 358 3714 3963 989 671 2152 359"
694 1921 "2748 4206"
695 1922 "4213 2777 2375 4756 2996 2069 1019 1236 4273 4238 84 4744 2092 1126 3291 3794"
696 1924 3859
697 1937 3274
698 1938 1248
699 1939 1122
700 1945 "1566 1197 727 1754 3486 3653 3450 4105 4751"
701 1948 "997 1105 3026 3300 183 78 316 152 1095 826 1348"
702 1950 419
703 1951 "3464 3972"
704 1953 "2335 3241"
705 1954 "3735 417"
706 1959 1135
707 1962 "4389 3450 1727 3544 3197 2621 2757 2043"
708 1970 "2148 4744 2920 4548 4074"
709 1971 4548
710 1972 "3075 4000 1773"
711 1975 "1679 849"
712 1978 "3963 3011 350 2219 3274 1020"
713 1979 "1248 4401 2920 3511"
714 1980 4324
715 1985 "3272 3349 3274 4401 1964 893 2299 1954 1857"
716 1987 "4122 1063 3411 1668 753 1761 3197 436"
717 1988 "2921 375 3164 4358 4562 1077 4112 326"
718 1992 "4202 4030 3434 1915 1218 45 1699 3460 1960 4589 110 281 162 4224 27 2485 2023 1636 915 3598"
719 1996 "3787 4674 2020 3837 4401 2219 3350 3176 4380 4306 3153 2389"
720 1997 "1077 4422 1763 783 3581 545 676 417 2612 3999 3638 3372 3567 4405 1012 3566 3871 4467 247 1889"
721 2001 "3197 3567 1540 1118 139 1348 742 3562"
722 2002 "48 132"
723 2009 3075
724 2013 "893 568 3155"
725 2014 2801
726 2015 "3011 4511 3401"
727 2025 2365
728 2026 "2660 2484 2922 2915 539 1952 2404 3752 3399 199 208 27 4702 4124 1101 3160 4346 932 3526 1996"
729 2027 "3787 3690 3241 3866"
730 2031 "105 4401 893 4502 2152"
731 2032 "4266 3102 3972"
732 2033 475
733 2037 "2948 1058 1228"
734 2039 2148
735 2042 48
736 2044 1902
737 2048 "1761 2153 1624 3300 4159"
738 2052 "4589 1996 3855 2981"
739 2055 221
740 2058 4310
741 2059 1540
742 2063 4422
743 2065 1540
744 2066 1196
745 2068 "2971 874 1116 4478"
746 2070 1307
747 2071 1290
748 2072 "4122 2816"
749 2073 "2177 782 4756 1367 864"
750 2079 "3329 2037 2965 931 3411 2415 1644 4640 4379 4422 1952 4401 1763 1116 282 4043"
751 2083 "3446 248 368 11 1644 1985 16 3565 1780 3539"
752 2087 "3300 1946 27 3658"
753 2089 "1139 4422"
754 2094 1120
755 2095 "2051 3859"
756 2096 2092
757 2097 "2805 4072 658"
758 2099 "1077 4126 3197"
759 2103 1139
760 2106 3507
761 2107 1841
762 2112 4768
763 2116 1122
764 2117 1866
765 2118 3077
766 2120 874
767 2121 "2784 3450 2692 3956"
768 2125 "4324 595 1867 1387 1968 838"
769 2126 3507
770 2127 "2105 3957 2677"
771 2149 4467
772 2151 2577
773 2153 "2996 1252 4467 1443 1759 1236"
774 2159 "774 1566 628 3241 765 3866"
775 2161 "1324 3882"
776 2162 870
777 2168 4298
778 2169 853
779 2170 4423
780 2172 4023
781 2175 "3507 3459 1879 2351 1800 1646 350 940"
782 2176 "2981 1465 4545 713"
783 2180 "2749 816"
784 2183 4751
785 2186 "3452 3633 3477 690 2973"
786 2188 4562
787 2193 1327
788 2196 "2137 2763 2163 4605 2382 77"
789 2197 375
790 2204 "4324 3760 2873 3693"
791 2205 "788 1996 3855 3160 2773 9 4519 878 2912"
792 2206 "3656 2610 1610 1508"
793 2208 2624
794 2210 4218
795 2211 359
796 2212 "3353 950 247"
797 2218 "933 4345"
798 2219 2873
799 2222 "3452 27 782 4459 1540"
800 2224 1594
801 2227 "2239 4422 1954"
802 2231 "2296 4467 4690 201 2956"
803 2232 "1610 2548 3811 4367"
804 2233 4511
805 2234 3871
806 2236 "1540 1105 2092 2987"
807 2239 "367 1773 3639"
808 2241 2335
809 2242 3241
810 2248 1466
811 2253 "1107 3901"
812 2263 3197
813 2268 1283
814 2269 "4122 562 375 24 821 132"
815 2270 3534
816 2271 "4511 350"
817 2272 "2808 2749 1054 378 183 1439 4001 1285 3404 2487 441 4044 3167 421"
818 2277 "3452 4001 73 1521 1691 1954 2277 3562 3827 2921 3011 375 536 3450 2273 398 2430 1267 2577 132"
819 2278 1267
820 2283 "628 3006 3279 3426"
821 2284 "950 1373 2577 3866"
822 2285 1169
823 2286 3534
824 2291 "4380 1502"
825 2293 "3197 3233"
826 2296 "4487 3669 3698 2655 1073 720 1476 4700 3307 3845 4075 822"
827 2300 1196
828 2301 "1474 378"
829 2305 2362
830 2308 "2459 2132 10 2528"
831 2309 4402
832 2313 1600
833 2320 4164
834 2321 "1567 2092 2023"
835 2326 1355
836 2330 3160
837 2337 1588
838 2339 1619
839 2340 "1763 2996 421 2092 315 671"
840 2341 "1646 4450 1621 27"
841 2344 "4148 726 4085 3463 2880 429"
842 2345 816
843 2346 1179
844 2350 "1954 3866"
845 2352 "2681 2784 631 4631"
846 2355 1007
847 2359 "1179 2219"
848 2362 "1502 1954 4306 3241 2573 2577 1803 1077 2039"
849 2363 "4080 1775 720 1348 3196 2023 4659 1540"
850 2365 "893 1373 1067 2921 2091 631 4744"
851 2368 "3241 997"
852 2370 4422
853 2371 "1429 318 2340 2950 4482 3233 3464 2748 2044 257"
854 2372 4744
855 2373 2131
856 2378 3197
857 2381 "2748 3515"
858 2383 "1077 2067 3967 3530 2 4027 1953 2358 189 1540 1096 3291 765 880 4744 2275 4206 358"
859 2385 2142
860 2391 "2443 3685 1857 434 3660 1800 4418 4523 2326 3628 2079 3871 2588 940 2842 3553 4231 2342 3205 1105"
861 2392 "1849 282 641 4213 475 3200 2540 2426"
862 2393 3628
863 2394 "2612 1954 3241"
864 2399 3967
865 2401 3450
866 2405 3075
867 2406 1422
868 2408 "3300 1096 861 2092 3203 1601 3133 402 247 1646 1544 2740 3591 1218 2920 4584 3196 2041 1624 1803"
869 2411 2039
870 2412 "3631 2132 267 3197 1236 3921 375 1073 3399"
871 2416 "3967 2530 3011 1699 1879 3866 1355 1540"
872 2419 "1071 3241"
873 2422 "3154 2092 997 1238"
874 2427 "2715 243 4467 4511 1902 1578 696 2101 4084"
875 2429 4159
876 2430 "42 3197 2577 4123"
877 2431 "893 3197"
878 2434 2039
879 2437 790
880 2439 "4548 18 4242"
881 2440 1179
882 2441 765
883 2446 3534
884 2448 3967
885 2449 "3713 4700 628 4401 2092 1624 4641 3543 1646 3999 3952 842 3534 1203 4242 2595 3963 1566 2153 1236"
886 2452 1594
887 2453 "1835 4001 337 857 3012 1096 3999 2850 893 1505 112 535 2215 2092 1619 4467 46 1759 3274 1545"
888 2454 2612
889 2455 4422
890 2456 3072
891 2458 1212
892 2460 1122
893 2462 "2577 4553 1578 2763"
894 2463 1902
895 2464 "1373 3522 132 3507 2039 223 893 4548 930 4029 1879 1324 4104 2612 3154"
896 2466 2364
897 2467 2577
898 2468 2578
899 2469 "2148 4335 4250 1540 3489 4171 1505 1763 2987"
900 2475 "1077 1790 2469 2948"
901 2476 "522 1135 3145 2092 118 2577"
902 2477 "8 2273 1077 1523"
903 2478 3066
904 2479 4423
905 2484 304
906 2486 "897 1502 3246 2881 2148"
907 2487 417
908 2488 "3246 861 3196 2403 2136 1348 4462 1224 4401 997 1544 1218 4511 1139 4465 2577 1798 1610 2681 2393"
909 2492 "3021 4072 3930 2578 1288 2173 67 1596 947 2511 4036 821 1309 1610 2889"
910 2494 3401
911 2496 "633 3281 2920"
912 2498 "4380 326"
913 2503 668
914 2505 3669
915 2506 "1610 2092"
916 2508 3150
917 2509 4422
918 2510 "1860 1542 3562 2299 3277 1857"
919 2511 "2340 934 1228 375 1953 1540 4401 1994 3401 988 1105"
920 2514 4467
921 2516 1039
922 2518 4557
923 2520 "2695 1505 1902 1610 3489 1945 1825"
924 2527 "2251 720 3450 3546 493 790 247 1196 3154 714"
925 2529 4102
926 2532 "1935 290 4751"
927 2533 2656
928 2536 "4645 3534 4679 1596 397 2577 1682 3126"
929 2537 287
930 2538 2058
931 2540 "1406 3714 930 378 838 161 1754 4306 4021 4401 1578 8 27 4029 3837 2382 4542 1733 1355 1218"
932 2545 "4055 3197 3495 1835 922 4401"
933 2546 "3329 3205 2391 3489"
934 2549 4467
935 2552 4422
936 2553 "3740 3495 2321"
937 2557 "3562 1540 1610 3866 3014 522"
938 2558 "2299 3197 4380 4401"
939 2560 1825
940 2563 "3241 2577"
941 2569 2727
942 2570 3794
943 2575 67
944 2576 2152
945 2577 1196
946 2578 3009
947 2580 "950 189"
948 2581 "3659 3534 3824 1576 2076 1096"
949 2584 4345
950 2586 3714
951 2587 3714
952 2593 "3014 2180 3152 4465 732 1646 2 3795 941 24 2151"
953 2594 4104
954 2600 2289
955 2603 4422
956 2606 2740
957 2612 3197
958 2617 "2812 3747 4422 4405 2312 4102 4542"
959 2618 997
960 2620 2305
961 2622 4112
962 2630 2362
963 2639 "1699 2921 3153 4511"
964 2642 2092
965 2644 3972
966 2646 "4548 3255 4562"
967 2648 "2881 1589 4770 4423 3615 475 3291 3711"
968 2650 "588 1179 399 735"
969 2653 1300
970 2655 "2159 3498 1646 4548 4434 1067 3009 350 3667"
971 2657 1540
972 2659 "1667 3543 2403 4028 2996 3795 671 1835 46 72"
973 2661 "2058 2228 930"
974 2662 "783 2124 522"
975 2663 "1332 535"
976 2666 "73 3241 1355 1920 282 3293 2568 2659"
977 2667 "2362 4333 1809 1769 4744 3160"
978 2673 "3669 3664 2881 4401 2921 3999 4548 3714 2079"
979 2676 744
980 2677 2655
981 2678 4498
982 2682 "2223 3450"
983 2687 "161 1759 1902 420"
984 2692 2577
985 2694 "2920 1264 3566 4678 3740 3410"
986 2695 1309
987 2698 1999
988 2699 421
989 2701 1798
990 2702 "3629 3281 4440"
991 2703 893
992 2704 3866
993 2705 "2415 591 930 375 475 2403"
994 2708 "3667 117 3567 2612"
995 2710 67
996 2717 4548
997 2718 "1540 3522"
998 2722 "417 3601"
999 2723 2577
1000 2724 "284 4548 2092 2748 997 4306"
1001 2728 1118
1002 2730 2092
1003 2735 "930 2305 3622"
1004 2739 143
1005 2741 2681
1006 2742 "3269 24 380 4366 1324 97 282 2840 4648"
1007 2746 3196
1008 2748 "350 4080 3972 4423"
1009 2752 "1610 4367 2987 4422"
1010 2754 "420 359 2251 3507 3569 2292 1578 3667 475 137 4072 4159 2612 3281 2273 1594 2382 3866 765 1373"
1011 2759 3964
1012 2760 4002
1013 2761 1283
1014 2762 4422
1015 2764 "931 4324 4311 1780 2488"
1016 2768 "3338 1706 3154 783 475"
1017 2770 4511
1018 2771 4004
1019 2772 2117
1020 2773 282
1021 2775 "432 2394 4113 33"
1022 2779 4496
1023 2784 "782 4213 4021 4653"
1024 2785 2619
1025 2787 4548
1026 2789 "3191 291 2748 1117 1348 1540"
1027 2790 4615
1028 2791 "3197 247 1945 3999"
1029 2793 "201 4122 2507 4653 1616 1721 375 930"
1030 2794 371
1031 2795 "326 598 3104 1139 1122 1540 3972 1202 1945 3186 2577 375 824 2780"
1032 2801 282
1033 2803 1387
1034 2804 1540
1035 2806 1085
1036 2808 "4040 3569 2748"
1037 2809 1596
1038 2811 "782 282"
1039 2813 3241
1040 2817 "2375 33 2474 3419 4744"
1041 2819 350
1042 2822 "1116 3049 4266 1717 3464 1540 1050"
1043 2824 "2517 782 2883 931"
1044 2833 3917
1045 2836 4103
1046 2838 765
1047 2840 3196
1048 2841 "2023 421"
1049 2846 1540
1050 2848 2996
1051 2850 4021
1052 2852 4434
1053 2853 "616 318 86 3367 4266 217 2029 3667 1902 4306"
1054 2856 4422
1055 2857 3039
1056 2858 642
1057 2859 2675
1058 2860 "1616 2987 816 3522 1511 1566 3018 4203 1891 2612 3011 4306 932 1610 765 2393 1954 326 4769 1578"
1059 2861 "2975 4266 1610 1635 1598 4021"
1060 2866 1540
1061 2868 "4589 2542 1990 3855"
1062 2870 "3118 1029"
1063 2872 2092
1064 2876 3197
1065 2880 "3507 33"
1066 2881 "3944 1018"
1067 2884 2092
1068 2886 1803
1069 2887 "2474 3241 208 2153"
1070 2889 535
1071 2892 4422
1072 2894 3197
1073 2895 4422
1074 2899 2573
1075 2904 3291
1076 2905 4422
1077 2906 "24 1954"
1078 2909 "3569 3450 3246 3197"
1079 2911 1132
1080 2914 94
1081 2915 930
1082 2923 4576
1083 2925 247
1084 2928 "2131 3664 2474 2680 3718 1096 1374 3972"
1085 2930 "2681 1511"
1086 2936 3522
1087 2938 4422
1088 2939 "3452 3373"
1089 2940 1859
1090 2941 "1835 282"
1091 2942 1300
1092 2949 "3967 801 4460 2730 3714 2443 4009 242 1071 1566 3053"
1093 2955 1252
1094 2958 9
1095 2959 1945
1096 2960 3197
1097 2961 1954
1098 2964 132
1099 2965 419
1100 2968 1774
1101 2972 1540
1102 2975 "1274 1122 2358"
1103 2976 "3670 703"
1104 2977 1327
1105 2980 "591 1855 4498 1229"
1106 2982 "3426 3534 4422 2740"
1107 2983 2382
1108 2987 "838 1789 1762 4756 4746 3385 1295 2873 4553 1711 2739 782"
1109 2988 "4467 4562 3562"
1110 2995 2577
1111 2996 1077
1112 2998 "2148 4608"
1113 3000 2342
1114 3003 3664
1115 3004 4491
1116 3006 1390
1117 3007 "2983 4373 1203 3866 2219 3450 1277 3985 4422 1588 417 1752 2777 2305"
1118 3008 "3948 775 713 1078"
1119 3010 358
1120 3017 191
1121 3019 "1873 2849 3246 282 1389 2484 1025 4512 1029 2911"
1122 3020 1540
1123 3024 "3196 1476 1594 837"
1124 3025 2720
1125 3026 "1578 223"
1126 3028 247
1127 3030 "2730 3241 4335 2092"
1128 3031 3866
1129 3037 "765 24 33 1355"
1130 3041 1761
1131 3047 "3246 4000 4308 1359 1566 2340 3382 2705 2748 1139 1902 893 4345 4631"
1132 3048 605
1133 3050 "1759 1324"
1134 3053 "3154 4548"
1135 3060 2924
1136 3062 2577
1137 3065 "2966 4043 2118 4216 3145"
1138 3066 1122
1139 3072 "3274 1945 3871 868"
1140 3075 3154
1141 3076 "417 2748 1540 2142"
1142 3077 "239 2697 2966 4401"
1143 3081 "2251 4194"
1144 3084 3972
1145 3086 "4072 3179 1954 3329 2275 3450 3967"
1146 3088 1702
1147 3090 "1309 24 3378 4576"
1148 3092 191
1149 3096 4422
1150 3097 "1122 2248"
1151 3100 24
1152 3101 4422
1153 3103 282
1154 3105 "4467 3011 24 1481"
1155 3109 4422
1156 3114 "1163 1289 3713 375 2142"
1157 3115 3567
1158 3116 3267
1159 3118 4000
1160 3122 "522 2385 2748 4553"
1161 3126 604
1162 3127 "4422 420 2273"
1163 3129 "651 3546 3180 3562"
1164 3132 1983
1165 3139 267
1166 3146 1578
1167 3148 "2257 4557 2956 4422 1110 3450"
1168 3152 "1439 2092 1106"
1169 3153 3434
1170 3158 "531 997"
1171 3160 "282 1945"
1172 3171 4333
1173 3173 "1773 1193 2577 326 3196"
1174 3174 "27 1307 3671"
1175 3179 "1855 510 4488 4173 931 4416 1123 4670 1530 2999 3404 3460 1998 399 1867 1072"
1176 3181 3204
1177 3183 137
1178 3185 "720 2044 1105"
1179 3189 3082
1180 3192 1875
1181 3195 3871
1182 3197 3897
1183 3204 3011
1184 3205 4624
1185 3208 2305
1186 3209 "3871 2383 2352 4380"
1187 3211 4562
1188 3212 1506
1189 3216 375
1190 3217 "1526 2519 2752 989"
1191 3230 "3866 3999 1610 2251 3274"
1192 3232 "2219 2275"
1193 3233 1446
1194 3235 77
1195 3237 "546 3247 1843 1135"
1196 3238 893
1197 3241 "2577 1451"
1198 3242 "4724 4422"
1199 3244 "2632 1287 2043 4387"
1200 3246 3291
1201 3248 4659
1202 3252 4345
1203 3255 "2748 249 137 2364 2956 4145 1869"
1204 3257 "2558 4579 2866 1542"
1205 3258 421
1206 3260 "2342 1754 2187 362 1105 4401 3871 2173 3489 1077"
1207 3261 2655
1208 3262 3643
1209 3264 "1540 1077"
1210 3266 3327
1211 3268 821
1212 3269 740
1213 3271 "3871 1077"
1214 3272 4401
1215 3273 "4401 1077 626 1853 2637 3871 2187 1407"
1216 3278 3507
1217 3279 57
1218 3281 1540
1219 3284 3669
1220 3286 1198
1221 3289 522
1222 3294 "2136 3464 1267 3196 77"
1223 3301 3401
1224 3308 "1471 3943 4485 522 1238 493"
1225 3312 3241
1226 3314 1865
1227 3325 134
1228 3327 "4545 1702"
1229 3335 3014
1230 3336 "2299 3740"
1231 3337 223
1232 3340 "4246 2761 801 3534"
1233 3341 "1179 1833 2088"
1234 3343 "2299 947 4094 2039 3534 1954"
1235 3347 350
1236 3352 2493
1237 3355 4401
1238 3359 4401
1239 3362 "2577 2987"
1240 3364 "3534 3485"
1241 3368 1404
1242 3374 3866
1243 3376 "2965 1777 3860 107 3416 4289 4324 89 1935 1116 794 1506 3035"
1244 3377 2577
1245 3379 4467
1246 3382 "4548 1135"
1247 3383 3233
1248 3384 1920
1249 3387 "893 3507 2402 3967 1691 1954 765 4542"
1250 3389 3507
1251 3390 "375 1857 2020 4333 2152 3566 4231 4423 581 1722 3866 893 1945 1221 4369 4401 3378 161 1096 4523"
1252 3391 "1007 3999 1610 765"
1253 3405 "2277 3605 825 458 3431 2577 375 2148"
1254 3406 3534
1255 3412 2648
1256 3414 4266
1257 3415 4213
1258 3417 "2148 469 1135 284 2681 3613 2763"
1259 3419 1853
1260 3421 "4117 1879 3963 612"
1261 3422 2190
1262 3426 "1616 1481"
1263 3427 1122
1264 3433 2219
1265 3437 893
1266 3439 "854 2542 1610 2816"
1267 3440 970
1268 3442 3963
1269 3443 4251
1270 3445 "4339 67 2353 2655"
1271 3447 931
1272 3450 765
1273 3453 1507
1274 3457 "4159 3291"
1275 3458 "3507 1950 4122"
1276 3462 "1179 3999 855 128"
1277 3468 1073
1278 3469 "1179 3534 4383 3450 2676 4601"
1279 3471 2920
1280 3474 2577
1281 3479 1169
1282 3481 3144
1283 3485 "794 4137 1196 423"
1284 3486 "4422 4548 3972 1610"
1285 3490 "1780 3999 3972 931 1375 760 247 2069 3196 1505 2873 4001 1506 4548 4553 2153 2866 421 874 1139"
1286 3494 2484
1287 3496 436
1288 3498 "2731 1773"
1289 3500 "977 1682 682"
1290 3503 "1516 1333 522"
1291 3505 3197
1292 3507 "3999 1096 3795 4422 3866 3291 3972 1947 3546 522"
1293 3510 3972
1294 3512 "2911 1505 2881 350 535 3401 3714 2039 1056 1327 4124 1890"
1295 3513 2633
1296 3516 "4670 4444"
1297 3518 4620
1298 3521 "18 2873 423 23 4051 3904 2893 82 1850 3332 282 3434 2192"
1299 3523 2200
1300 3524 2908
1301 3526 "1855 4235 1196"
1302 3527 2577
1303 3529 "1096 3809 4306 2382"
1304 3530 "4703 3999 1794 546"
1305 3533 4484
1306 3534 "4072 3638 2578"
1307 3537 4631
1308 3544 350
1309 3547 2577
1310 3556 3546
1311 3558 "3835 3847 318 2564 1773 3109 1733 3453 1197 1610 653 732"
1312 3559 "765 4691"
1313 3564 "1763 291 1886 2519 2496"
1314 3568 "4339 3241"
1315 3569 "330 747 857 2092"
1316 3572 2239
1317 3575 3866
1318 3576 24
1319 3577 "3507 3329 2079 4001 1879 3233"
1320 3580 535
1321 3584 2117
1322 3586 1954
1323 3587 1436
1324 3589 "4024 2101 3606 3650 4346 3468 4734 3803 1703 3019 2892 2956 438 2976 3930 3286 3267 3664 4484 1536"
1325 3590 1540
1326 3591 "2577 116 3669"
1327 3592 4
1328 3596 1505
1329 3597 2015
1330 3598 4000
1331 3600 4744
1332 3602 2230
1333 3606 "2866 1546"
1334 3607 1835
1335 3610 "4206 4401"
1336 3612 "350 4422 3871 3241 3009 4186"
1337 3613 "1252 2251 2981 2079 4266 1999"
1338 3619 436
1339 3624 1348
1340 3633 358
1341 3634 3871
1342 3635 "1122 2382 3567 3787 137"
1343 3642 2219
1344 3643 "9 2595 2069 3364"
1345 3647 "1139 3571 1635 3308 3687 4345"
1346 3648 3507
1347 3654 3326
1348 3661 4308
1349 3662 "3254 3912"
1350 3664 "1540 3870"
1351 3665 282
1352 3666 4401
1353 3667 1780
1354 3668 2039
1355 3670 4498
1356 3676 3226
1357 3677 2219
1358 3680 "1348 720"
1359 3689 "997 3233 3972 2577"
1360 3691 "3197 2745 4434 4423 3884"
1361 3693 421
1362 3694 4496
1363 3696 4401
1364 3699 2023
1365 3702 1578
1366 3703 "3507 2452 1041"
1367 3704 "2142 3399"
1368 3707 3267
1369 3710 2251
1370 3719 399
1371 3721 "2577 2357 3267 2101 4422 3291"
1372 3723 "2340 4345 3998"
1373 3724 "3308 821"
1374 3725 "1139 2393"
1375 3730 3401
1376 3733 "2148 1476 4384 2822 1203 1902 4422 2092"
1377 3735 "2173 4449 2402 3378 2884 3967 4212 3489"
1378 3742 "546 878 1582 1540"
1379 3743 "1505 2695 3866 4159"
1380 3744 "2577 930 2148"
1381 3745 "1435 2348 118 2092 3468 1886 2039 1241"
1382 3747 4562
1383 3752 "4401 3534 2402 2740 1945 4548 1179 1105 3972 1540 1071 3164"
1384 3753 816
1385 3759 2105
1386 3765 4058
1387 3767 "624 1616 3929 1250"
1388 3769 3999
1389 3771 "3324 3401 2299"
1390 3772 "631 3515 4376 3804 4306 4250 2842 222 434 3246 3978 2094 2369 3193 87 4768 3931 163"
1391 3775 4070
1392 3780 2875
1393 3781 "2392 3520"
1394 3782 3055
1395 3785 "719 3241 1540"
1396 3787 "1222 247"
1397 3793 2148
1398 3797 3866
1399 3798 4401
1400 3803 883
1401 3805 "2969 143"
1402 3806 4198
1403 3807 "1816 2264 2883 1135 4744 4021"
1404 3810 2092
1405 3813 "3926 4083 89 378 27 3160 3399"
1406 3821 "3999 2993 4023 1540"
1407 3828 1110
1408 3833 637
1409 3837 526
1410 3838 "3667 3319"
1411 3844 "223 2577 2148 4422"
1412 3853 "247 2063"
1413 3854 3562
1414 3855 371
1415 3856 "3534 4423"
1416 3858 2577
1417 3859 2089
1418 3864 4047
1419 3866 535
1420 3873 1998
1421 3874 "3100 1478 489 3871 29 4251 402 3388 774 743"
1422 3875 "1578 4467 2092 1540 2577 2382"
1423 3877 1064
1424 3878 "4380 765"
1425 3879 "3740 3009 3378 1596"
1426 3882 4422
1427 3883 4703
1428 3887 4054
1429 3888 "2219 1139 2881"
1430 3891 "2273 2577"
1431 3893 "475 3328 1236 997 2562 2763"
1432 3894 "1505 1733 2067 1359 4401"
1433 3895 "2044 4389"
1434 3896 "2362 3613 616 2392 671 2148 519 1269 1540 2922 888 1118 3399 3562 720 838"
1435 3898 1505
1436 3899 3196
1437 3908 "2305 4422"
1438 3914 2092
1439 3916 "3385 595"
1440 3917 "2176 2501 3866"
1441 3922 4195
1442 3924 2718
1443 3929 1902
1444 3930 3197
1445 3932 2578
1446 3935 "650 1320 2306 1054 2302 3450 3515 98 497 2038 1244 2612 911 261 1941 4754 4334 1456 3905 1630"
1447 3938 "2816 2372 522 4021"
1448 3939 4009
1449 3940 "4054 3450 1122"
1450 3942 3827
1451 3944 15
1452 3947 "1355 4380 3274 2219 3857 3967 4009 1945"
1453 3953 "4401 116"
1454 3957 "2083 2921 888"
1455 3958 2041
1456 3959 "2039 67"
1457 3960 3507
1458 3964 863
1459 3965 "3983 3507 4104 734 2362 1122 3115"
1460 3967 "3718 3281 4744 1594 1639 744"
1461 3969 4422
1462 3970 "1209 456"
1463 3971 3401
1464 3972 350
1465 3975 1196
1466 3976 "3128 2920 1802 161 874 4624"
1467 3977 1540
1468 3980 "3967 2092"
1469 3981 2269
1470 3983 1566
1471 3991 2881
1472 3992 137
1473 3997 3967
1474 4000 4422
1475 4004 "4159 4467"
1476 4007 930
1477 4012 3401
1478 4015 "2219 3615 2092 1429"
1479 4020 "3215 98 78 24 493 816 1306 1202 734 2660 3569 273 821 67 3281 3411 3836 1507 4467 522"
1480 4023 "4721 1578"
1481 4031 566
1482 4037 "1891 3601 2148"
1483 4047 "1855 2092 399 1990 4213 2165 3197 3461 2582 2449"
1484 4048 4159
1485 4049 2577
1486 4054 3540
1487 4056 "1139 3197"
1488 4065 3267
1489 4072 4548
1490 4074 "909 282 1074 2382 358 666 4029 1252"
1491 4077 4122
1492 4078 "4562 2544 730 4423 1077 24"
1493 4081 1165
1494 4087 "4422 1511 4401"
1495 4092 "2983 371 4584"
1496 4093 2092
1497 4095 "274 1012 2998 1974 3513 1332 4511 2275 2948"
1498 4096 "3450 4306 29 375 3787 2092 3866 4225 2763 2106 3197 3009"
1499 4097 "378 965"
1500 4102 2824
1501 4105 535
1502 4106 1540
1503 4108 "419 542 3126 2292"
1504 4110 3967
1505 4114 2883
1506 4115 3735
1507 4116 1610
1508 4118 "1540 3999"
1509 4122 1540
1510 4123 "1610 4524 2219 2577 1646 3664"
1511 4124 "1540 3011 1624"
1512 4125 440
1513 4128 "406 4001 4179 4504"
1514 4129 4422
1515 4132 "2402 2362"
1516 4136 3450
1517 4138 36
1518 4142 "3656 3197"
1519 4143 4748
1520 4147 3967
1521 4148 "4401 3795"
1522 4149 1348
1523 4150 "893 522"
1524 4152 "2748 3329 2153 4028"
1525 4153 3102
1526 4155 "2981 337"
1527 4156 "2937 1523 3023 268 1034 232 56"
1528 4157 1540
1529 4159 2336
1530 4161 "2151 1324 3154 295"
1531 4163 "2846 2382"
1532 4164 "3267 535 3167 2118 475 3671 4408 3808 4073 183 1601 3353 2809 3014 4596 1596 3197 2117 1285"
1533 4165 "2577 692 3546"
1534 4169 3664
1535 4172 "2612 4306 2223 3687 838 3373 3645 3246 4405 522 3795"
1536 4178 "2092 3450 3999 1540 930 4394 3811 1610 4422"
1537 4183 "1610 1139 3011"
1538 4184 "1252 1196"
1539 4188 2092
1540 4190 535
1541 4195 3196
1542 4197 "3837 350 1703"
1543 4198 "4529 4346"
1544 4201 997
1545 4202 "3795 3447 421 4744 3864 4756 4554 247"
1546 4203 "1505 2051"
1547 4211 1502
1548 4213 "2881 3074 4339 2940 3329 3272 3053 147 3759 475"
1549 4215 2573
1550 4217 1348
1551 4220 782
1552 4221 4140
1553 4229 1954
1554 4230 1646
1555 4238 "4562 997 4670 3999 282 2340 4306 3075 3291 1594 436 378 1759 3615 535 4380 1588"
1556 4239 4122
1557 4245 378
1558 4246 1540
1559 4247 "1077 3378 2251 1699 1067 2173"
1560 4248 "2585 2577 24 4598 3618 4072 2490 3995 3267 4021 3309 358 1892 4744"
1561 4249 3511
1562 4250 1116
1563 4251 "2577 1540 4072 3866"
1564 4253 421
1565 4254 "2881 4542"
1566 4256 "4670 4000 24 3534 1555 988 3135 2382 3153"
1567 4257 "3180 1122 3291 4306 1902 3534"
1568 4258 2484
1569 4262 "4213 1967 1121 123"
1570 4265 1811
1571 4285 4401
1572 4289 "1803 1952 3631 4242 399 838 282 27 591 588 1582 375 1297 3829 3667 423 970 1154 1613 275"
1573 4290 1122
1574 4292 1610
1575 4295 3943
1576 4298 "522 4422 2577 4212 861 4744 1702 535"
1577 4299 "3787 138 2770"
1578 4300 "4401 4467"
1579 4301 3912
1580 4305 1077
1581 4307 3534
1582 4308 "4460 2039 4401"
1583 4309 3519
1584 4313 337
1585 4314 "3967 247 1105 1699 2020 3439 3378 4511 2553 1691"
1586 4318 3489
1587 4320 "931 1505 2118 3813 857 2994"
1588 4322 "4423 4401"
1589 4325 "1348 68 2612 1122"
1590 4330 "522 3197 4203 4744 2131 337 3269 1540 774 1505"
1591 4335 "3064 1718 2529 4023 2118 311 2358 1105 3254 1572 3562 1621 348 2577 2393 2618 3102 4460 4359 291"
1592 4337 1954
1593 4338 "3447 3110 2473"
1594 4339 "2881 1624 1954 2763"
1595 4340 759
1596 4343 1122
1597 4346 "3837 4021 1555"
1598 4350 "3897 2361 3213 1073 3567 3562"
1599 4354 "3450 1961"
1600 4355 3040
1601 4358 27
1602 4361 2484
1603 4363 291
1604 4364 "2846 2092 197 33 3866 1505"
1605 4365 3246
1606 4367 3232
1607 4370 1540
1608 4371 3197
1609 4374 1203
1610 4377 1196
1611 4382 "843 1041"
1612 4384 "127 2577"
1613 4387 2219
1614 4390 838
1615 4397 "4149 1002 4377 2994 1254 1141 221 2132 1996"
1616 4403 251
1617 4404 "3693 2340"
1618 4406 546
1619 4411 "1077 2382 3245 1179"
1620 4415 "2920 3197 2299"
1621 4419 4401
1622 4420 1236
1623 4421 3871
1624 4423 2159
1625 4426 4213
1626 4427 4422
1627 4433 4744
1628 4435 4422
1629 4438 "4040 3151"
1630 4440 "2219 1808 765 940"
1631 4445 2
1632 4446 "546 604 221 2517"
1633 4451 2132
1634 4452 "1954 3205"
1635 4461 "1540 4401 3740 3216"
1636 4463 522
1637 4464 282
1638 4465 1540
1639 4466 4378
1640 4471 "2092 4422 3871"
1641 4472 "2105 378"
1642 4473 3740
1643 4481 2987
1644 4482 1139
1645 4483 1835
1646 4484 "3892 4231 4345 3449 169 2681 3034 1839 3366 616 752 1553 930 1012"
1647 4486 4467
1648 4487 282
1649 4490 4000
1650 4491 4467
1651 4492 2092
1652 4493 "1953 4423 1566 2881 947 2566"
1653 4494 "2987 2223 3385 595 1584 2670 2334 676"
1654 4498 3837
1655 4508 3197
1656 4511 "1135 3323 1752 2218 2748 2920"
1657 4512 "4475 649 889 4584"
1658 4520 3507
1659 4523 "1754 1102 2632 3281"
1660 4528 3664
1661 4529 "1195 3693 2956 3385 1524 2777 3507 4359 465 4590 243 4324 1491 358 163 4537 838 3496 4482 250"
1662 4530 "765 3871 2469"
1663 4535 4422
1664 4537 2131
1665 4539 "4449 2059 1566 189 2382 4467 3351 1202 1355 1999 2920 3999"
1666 4547 2105
1667 4548 2092
1668 4549 "2777 1596"
1669 4550 3534
1670 4552 "1499 3615"
1671 4553 3569
1672 4555 378
1673 4561 "3246 4512 2067 2512 2770 2451"
1674 4563 4036
1675 4566 "1496 3664"
1676 4567 132
1677 4569 "1531 3145"
1678 4571 3012
1679 4572 997
1680 4577 1566
1681 4583 546
1682 4584 "1348 2730"
1683 4586 3197
1684 4590 2340
1685 4592 "1199 591 930 4324 3605 833 1506"
1686 4594 "4524 2041"
1687 4599 "3992 3569 322 4213 3382 2573 535 2970 4335 1348 1392 4422"
1688 4600 "3587 3246 4065 3921 1236 2965 785 24"
1689 4601 997
1690 4602 1862
1691 4607 522
1692 4608 3800
1693 4612 "1179 857 358 1382 2340 2584 1842 1827 4705 464"
1694 4618 "47 4720 1499"
1695 4619 4422
1696 4632 "3507 1610"
1697 4634 2974
1698 4636 "2723 1954 1880 2304 1077 1389 2738 3750 3714 3065"
1699 4641 3197
1700 4642 1355
1701 4643 "123 3579 1799 1744 3704 77 29 1139"
1702 4644 2484
1703 4645 "977 3523 931 208"
1704 4648 "2484 2922"
1705 4649 "726 2731 3979 1621 223 1619 1222 3241 3197 1889 3740 4152 3202 429 1233 4000 3667 2358"
1706 4652 "3866 1238 4339"
1707 4653 "375 4422 399 1547 3145 2873"
1708 4658 "1122 3871"
1709 4659 "2016 4345"
1710 4662 3546
1711 4666 "2105 2605 1813 3446"
1712 4669 "4021 67"
1713 4670 1729
1714 4671 1013
1715 4672 "1610 861 3291 2223"
1716 4673 2288
1717 4681 838
1718 4682 3522
1719 4684 2484
1720 4689 1879
1721 4691 4511
1722 4696 "2153 4553 3856 4029 2320 4324"
1723 4700 "3360 1791 1375 3073 4493 4029 2598 258 2674 794 3764 595 1165 4703 1283 782 4584 3955 1702 121"
1724 4703 4422
1725 4709 "3197 1179 1459 3069 826 3817 4669 399 658 3145 2305 4430 4109 3196"
1726 4710 950
1727 4711 4345
1728 4712 3257
1729 4717 238
1730 4719 1540
1731 4721 "1969 875 1129 3615 714 3180 700"
1732 4724 "1540 667 4467 2364"
1733 4725 "4103 45 562 3565"
1734 4726 "4216 1702 542 2543"
1735 4728 "4460 4670 4000 4422"
1736 4730 "3378 2881 189 3011"
1737 4731 "3268 4145 3714"
1738 4732 "1578 1954 3011 2219 2578 1576"
1739 4733 4442
1740 4743 3718
1741 4747 1900
1742 4750 "3459 1699 3543 3293 3628 3343"
1743 4754 989
1744 4757 "24 3518"
1745 4758 893
1746 4760 3831
1747 4762 "2881 3164 2362 3866 2131 2219 1891 4548 3871 1252 4401 1566"
1748 4763 "3534 783 720 269"
1749 4765 816
1750 4767 "3960 208 3562 3652 1297 898 539 475 3926 1771 782 1644 701 375 605 3507 3569 4553 2681 3105"
1751 4772 1578
1752 4773 "3197 2748"
1753 4776 "1867 959 1548"
1754 4777 "2740 436 1476 4511 3562 1858 4674 2197 1214 1945 4614 2727 4486 4423 1139 3197 4449 4553 3186"
1755 4779 2577
1756 4781 2180
1757 4786 4182
1758 4794 3912
1759 4795 4122
1760 4797 4033
1761 4807 4206
1762 4809 "1181 4158 3603 3450"
1763 4810 "367 3063 3660 77 1007 3992 4380 543 3456 3382 4766 1102"
1764 4815 2362
1765 4819 "3866 2911"
1766 4822 1610
1767 4825 4001
1768 4828 "1879 3615 362 3507 1105 1891 4423"
1769 4830 3241
1770 4834 3075
1771 4836 821
1772 4842 "4303 247"
1773 4843 2265
1774 4844 "280 2657 2921 3154"
1775 4851 "378 402 3606 1096"
1776 4854 1835
1777 4856 997
1778 4858 1357
1779 4859 4335
1780 4860 4422
1781 4863 "2866 9 546 833"
1782 4865 "1540 580"
1783 4868 "4422 522 3434 3559 4401 1196 1835 9"
1784 4869 "628 3291 4422 2978 2740 3586 256"
1785 4870 3839
1786 4871 "2516 4751"
1787 4874 "1540 997 417 2251"
1788 4875 "3464 3021 2784 169 1540 3396 77 1578"
1789 4876 3180
1790 4877 4339
1791 4878 "3857 311 1252 1012 4744 1373"
1792 4879 3281
1793 4883 1775
1794 4888 "2105 4589"
1795 4889 3795
1796 4892 "2866 833 155 3488 27 782"
1797 4895 628
1798 4896 "1643 3139 4421 2483 2504 411 2272 2637"
1799 4899 2920
1800 4902 "2981 2540 3864 1348 282 4268"
1801 4909 "27 679 9 3722"
1802 4911 "3489 4460 1699 4548 1286 4542 3459 4286"
1803 4914 "1006 707 1064 3134 689"
1804 4915 1763
1805 4921 "3534 1954"
1806 4924 1578
1807 4926 "2092 378 282 4744 2382 1835"
1808 4929 4401
1809 4930 "483 3450"
1810 4937 2334
1811 4939 1203
1812 4941 "3727 1002 931 4159 3247 2987 4444 3919 3904 2092 4545 3385"
1813 4947 3018
1814 4948 "1902 4584 2740"
1815 4950 "4379 2586 4017 2669 1474 2296 1265 622 1196 3631 840 2751"
1816 4951 "1499 2448 2577 2913 3426 4316 4279 1179 3787 2748 223 3766 4395 1311"
1817 4956 402
1818 4962 3787
1819 4965 "222 4036 1327"
1820 4966 3534
1821 4969 "456 2573"
1822 4971 "247 4744"
1823 4973 2573
1824 4978 1954
1825 4982 2092
1826 4987 3714
1827 4989 3154
1828 4990 4213
1829 4992 "3507 4000 4179 522"
1830 4993 3241
1831 4995 3153
1832 4998 "4449 3044"
1833 5000 2105
1834 5001 3241
1835 5002 "2785 2090 421"
1836 5008 "3874 3458 4756 1651 4703 146 2333 142 1750"
1837 5009 "1763 3241 2340"
1838 5010 1196
1839 5014 994
1840 5015 4548
1841 5026 3692
1842 5030 "4123 1578 556 2448 2304"
1843 5031 1931
1844 5039 3580
1845 5042 816
1846 5043 "1041 2780 1166"
1847 5044 "775 930 1224 3534 4159 665"
1848 5046 2219
1849 5049 1236
1850 5050 "3613 842"
1851 5051 "247 1139 4367"
1852 5053 "3291 4104"
1853 5055 4422
1854 5061 3534
1855 5062 3197
1856 5066 2358
1857 5067 "3891 4159 223 2092 486 2025"
1858 5072 4424
1859 5075 2273
1860 5081 "2382 2219"
1861 5082 "4423 3667 4485 1578 3714 3241 27 838 3102 1502 4467 4216"
1862 5085 "1596 3606 4401 1600 4459 3267 1879"
1863 5087 "3154 378"
1864 5090 256
1865 5092 "997 1540 1139"
1866 5096 "2956 4001 1702 3831"
1867 5099 4303
1868 5105 3223
1869 5107 3172
1870 5109 4146
1871 5111 "3562 337"
1872 5113 2996
1873 5114 "782 3126 3866 27"
1874 5118 "2907 4288 3567 46 4021 4520 3281 4299 358 1362 3932"
1875 5126 3546
1876 5127 "3197 24 4017 3281"
1877 5128 "3669 4670 3329 95 3698 326 1578 2023 1902 140 3561 2784 2872 475 2954 258"
1878 5129 2748
1879 5133 "282 898"
1880 5134 3089
1881 5137 3489
1882 5138 "4064 1826 1349 4540 989 3401 3126 2704 149 392 1256 996"
1883 5139 3241
1884 5140 1169
1885 5141 3795
1886 5146 1902
1887 5147 "3049 3507"
1888 5152 "4401 3483 2987 3378"
1889 5154 1324
1890 5155 3534
1891 5157 4266
1892 5159 "4339 1236 2577 1169 878"
1893 5160 "535 775 1621"
1894 5161 4380
1895 5163 2362
1896 5164 "653 3385 671 2618 3282 3378 2731 152 4670 3274 53 4018 3562 3780 765 4036 1945 2092 4173 2039"
1897 5169 "4097 874 2763 878 4043 3385"
1898 5170 "2577 1105"
1899 5171 3507
1900 5176 "1540 2577 2311"
1901 5177 "2265 2536"
1902 5178 4401
1903 5179 330
1904 5181 2092
1905 5185 "3012 4345 3224 3562 456 381 3095 3426"
1906 5190 "2173 4511 1857 427 1879 3272 2391 947 4436 2998"
1907 5191 "4333 1071 4000 3999 1077 3401"
1908 5205 "4001 1578"
1909 5209 "67 3299"
1910 5210 "3224 2039"
1911 5211 "419 2768 521 2069 3712 4361 546 4565 1291 907 2908 3427 4702 3764 4385 3416 2085 3214 825 423"
1912 5212 3399
1913 5214 "3197 12 2748 404 3406 3469 3837 628 1387 535 4475 304 2295 4484 1594 1192 1972 2092 4670 3026"
1914 5216 3522
1915 5218 4475
1916 5220 "2777 2136 2273 3135 522 2092 3012 1105 3489 1763 3837 2484 1759 4061 3522 2816 1954 3565 1118 1236"
1917 5221 "2474 2578 4422 1309 3740 1203 242 2137 1646 4523 1345 2464 4206 2740 421 1012 1896 4367 3378 4064"
1918 5222 "2002 3638 3489"
1919 5223 "3196 3246"
1920 5224 "2577 378"
1921 5225 "1096 4548"
1922 5230 1646
1923 5235 1122
1924 5239 2475
1925 5246 4072
1926 5248 24
1927 5250 "2305 4422"
1928 5251 "3188 3293 2318"
1929 5253 3197
1930 5256 "1790 3967"
1931 5258 411
1932 5259 1506
1933 5264 4714
1934 5265 "1348 4444"
1935 5267 4422
1936 5268 "1669 3999 816 2021 1354"
1937 5270 3967
1938 5271 376
1939 5278 "2942 459 2092 90 263"
1940 5281 4562
1941 5287 2577
1942 5290 "3799 1499 24 2850 239"
1943 5291 1196
1944 5292 1610
1945 5294 "930 2924 2920 2092 1406 550 2329 2860 2299 1896 4102 3401 3870 1354 4048 1187 33"
1946 5297 "1203 2092 3569 1759"
1947 5300 "2850 3075"
1948 5305 "4339 2474 3241 647 3562 1077 3534 1826 1759 1647 1902 1505 1355 247 2358 1763 3866 2131"
1949 5306 952
1950 5307 2234
1951 5308 1122
1952 5313 997
1953 5319 2590
1954 5320 3197
1955 5321 1540
1956 5322 "1578 2092"
1957 5324 4548
1958 5328 4659
1959 5336 "3811 1966"
1960 5338 917
1961 5339 "358 562 27"
1962 5343 2920
1963 5347 3196
1964 5353 "1879 3871"
1965 5354 "1505 1135 1224"
1966 5357 "3714 720 1540 4663 359 700"
1967 5359 3444
1968 5363 "1578 2577 4159 1646"
1969 5368 "256 4422"
1970 5370 4422
1971 5371 2239
1972 5375 "4022 3411 421 790"
1973 5379 952
1974 5382 1540
1975 5383 2895
1976 5387 "3559 1139 764"
1977 5390 "1348 1428 2105 4339 1156 3921 3450 2728 930 3259"
1978 5391 "1238 1118 1646 633"
1979 5392 "3605 1214 2407 3109"
1980 5401 "1197 1561 4757"
1981 5405 "1077 1594"
1982 5406 4159
1983 5411 1077
1984 5412 3787
1985 5413 "2920 3028"
1986 5421 3010
1987 5424 3866
1988 5425 3018
1989 5429 "4367 1952 2813 585 1153 2358 564 4192"
1990 5430 "2131 3561"
1991 5432 989
1992 5438 4159
1993 5442 "3704 1996 2050 1348"
1994 5444 "4324 1644 932 2732 4029 4444"
1995 5446 3075
1996 5447 1139
1997 5452 3285
1998 5454 3562
1999 5455 3697
2000 5456 1198
2001 5461 "363 1245 1544"
2002 5462 801
2003 5464 "2506 473"
2004 5465 "307 2219 691 1117 4560 4744 4310 3829 4661 4438 14 3154 3254 1679"
2005 5467 2092
2006 5471 27
2007 5474 3300
2008 5475 "1886 3306"
2009 5477 "645 1540"
2010 5479 3507
2011 5485 36
2012 5488 "417 3561 4148"
2013 5489 "1202 4744 4124 4122"
2014 5491 1012
2015 5495 2239
2016 5496 3049
2017 5500 "358 1226 233 1094 2477 223 256 4467"
2018 5501 "4072 3197 3026 436"
2019 5507 240
2020 5508 619
2021 5510 1179
2022 5516 "337 4584"
2023 5521 "2148 3972 3329"
2024 5523 720
2025 5524 2748
2026 5525 "3999 4054 1511 4519 247 1578 2092 2484 3507 2305 3308"
2027 5526 1474
2028 5527 1348
2029 5528 2873
2030 5529 "3567 3233 2763 1712 4405 1999 3246 3930 3686 989"
2031 5531 1594
2032 5532 4610
2033 5536 "4380 4659 4009 371 3866 765 1324 3293 1696 3246 4674"
2034 5537 "3241 1110 2683 4548"
2035 5538 "1833 3241 152"
2036 5545 "295 46 1139 378 1506 2577 1236 3656 989 1996 3233 1610 3543 653 2124 931 1621 4744"
2037 5548 1077
2038 5549 2131
2039 5550 "2044 429 847 878 2313 2650 3718 2577 3537 4449 1252 3197 399 1476"
2040 5555 3241
2041 5563 221
2042 5565 "362 1499"
2043 5569 "782 2170 1968 1119"
2044 5570 3241
2045 5576 27
2046 5578 4696
2047 5580 2307
2048 5591 1977
2049 5592 3912
2050 5593 "1703 1840 4345"
2051 5597 4424
2052 5602 4572
2053 5604 1203
2054 5611 "1835 2195 107 516 326 1499 4422 3562"
2055 5614 "3450 3196 2763 3034 4001 1570 2131 1071"
2056 5615 2234
2057 5616 "4661 2148 1703 861 2956 223 2925 3305"
2058 5619 "1222 3859"
2059 5620 2092
2060 5623 "45 375 27"
2061 5628 3150
2062 5635 "2971 3878 399 2028"
2063 5637 "1121 172 4755 4072 4389 318 1505 821 1170 2763 1566 3566"
2064 5642 4584
2065 5646 1892
2066 5649 "330 3452 3972 4548 893 1588"
2067 5653 "4670 2148 436 632"
2068 5654 4303
2069 5657 2018
2070 5658 "1954 3534 2753 3382"
2071 5662 "801 3638 851 358 2614 4523"
2072 5663 1198
2073 5665 223
2074 5667 3498
2075 5669 "620 3540 2710 4040"
2076 5670 633
2077 5672 "3824 3731 2956"
2078 5673 "1721 3385 109 755 45 2807 595 4029 2908 794 4444 3452 1883 1115 9 419 4478 1952 1996 2354"
2079 5678 2542
2080 5681 3241
2081 5682 2577
2082 5692 4670
2083 5696 2092
2084 5697 1954
2085 5700 "3399 199 4181 436 1433 1217 1677 3295"
2086 5704 2092
2087 5705 4467
2088 5707 "3669 1505 3534 2092 1540 330"
2089 5709 "1218 865 4422"
2090 5715 "3011 3274 350"
2091 5717 "1644 443 208 2740 4179 3103 1072 146 199 1700 2305 2013"
2092 5718 1540
2093 5723 297
2094 5724 3197
2095 5725 "4467 4297 3566 3534 924 4605 330 247 3301 3999 1621 3507 4036 1876 402 4369 4072 3241 1578 4206"
2096 5727 1596
2097 5737 "4080 790"
2098 5744 "3329 1610 1578 2351 3196 2335"
2099 5748 "2987 4159 3972 1619 3386 2362"
2100 5750 "3871 1566 3450 3866 2577 1699 3241 1624"
2101 5753 3824
2102 5757 4548
2103 5761 4422
2104 5763 1122
2105 5764 "4122 4659 1745 2540"
2106 5766 3866
2107 5770 "4467 1118"
2108 5773 "4512 1566"
2109 5780 1135
2110 5781 350
2111 5782 "3385 4352 223 1683 4306 2888 146 1968 1295 1011 3683 1763 2807 1952"
2112 5783 "1468 3871 3561 3562"
2113 5784 "3687 3530 983 3197"
2114 5790 2039
2115 5792 "3690 3165 2751 3071 4678 1297 1698 1132 3418 574 50 1681 3728 937 1369 4027 2464 3318 2159 3354"
2116 5795 "3871 3636 187 1825 1954 3135 2881 569 1945 393 1857"
2117 5796 2996
2118 5798 2577
2119 5800 1540
2120 5801 "930 2092 3077 4298"
2121 5813 1540
2122 5816 1224
2123 5817 3102
2124 5821 "326 1578"
2125 5826 375
2126 5827 "3537 1207 2595 1199 2386 443"
2127 5829 "3999 4401 1958 1624 3272 3698"
2128 5833 137
2129 5836 2987
2130 5837 "3561 930"
2131 5838 "1803 3267 3787"
2132 5840 "1610 1769"
2133 5844 2092
2134 5845 67
2135 5847 475
2136 5848 "2275 3714"
2137 5854 350
2138 5860 "1889 4330 1105 2568 463 2352 898 989 4491 3098"
2139 5863 3473
2140 5866 3904
2141 5869 3897
2142 5870 "3240 4467 1594 4422 421"
2143 5872 1575
2144 5873 "2983 1540"
2145 5875 362
2146 5878 1582
2147 5879 "1373 2544 1805 1601 73"
2148 5886 3520
2149 5887 4159
2150 5888 2340
2151 5889 "3837 1179 3866 4122 1077 1073 1902 3489"
2152 5895 2655
2153 5896 "1243 2866 293 4043"
2154 5897 291
2155 5899 "985 4167 3076 4201"
2156 5901 3534
2157 5902 4744
2158 5903 "2577 161"
2159 5905 1773
2160 5906 "3507 2748"
2161 5907 "1553 4401 2382 2577"
2162 5913 "2105 4242 3667 1961"
2163 5914 "3509 1896 4111 3739"
2164 5920 2342
2165 5921 2275
2166 5923 "372 1297"
2167 5924 2094
2168 5934 3815
2169 5935 1219
2170 5942 "1238 2376 2092 2475 4752 3447 3207 3197"
2171 5943 375
2172 5944 1757
2173 5946 4449
2174 5947 1013
2175 5951 "223 1835 2577 3154"
2176 5954 "2730 3520"
2177 5960 1505
2178 5964 4524
2179 5965 4072
2180 5969 3291
2181 5973 "3469 183 3959 2970 2740 4497 1835 169 3329 3197"
2182 5974 1540
2183 5975 "1578 1566"
2184 5981 3453
2185 5983 4024
2186 5987 "3884 3196 2705 1096 997 3569 1600 24 2159 4744"
2187 5988 2251
2188 5990 "4762 9 375 95"
2189 5992 4422
2190 5996 "1822 558 36 3452 1472"
2191 5997 "46 1238 2070 1505 3534 2850"
2192 5998 1610
2193 6001 4072
2194 6003 3866
2195 6004 "2920 2850 224 1224"
2196 6008 2773
2197 6011 4422
2198 6012 4401
2199 6015 "3234 2681 3154 95"
2200 6016 "616 3871 362 4740 2071 3521 2759 3277 475 2881 1077 2113 359 2382 4021 4401 2345 2079 2852 4212"
2201 6019 1077
2202 6021 "3197 3154"
2203 6026 "3378 893 1833 3241"
2204 6027 782
2205 6030 "1964 3272"
2206 6031 "375 247 3312 3487 4250 1203 339 2981 4113 1917 1118 2101"
2207 6033 3291
2208 6036 "169 1759 2577 2039 1610"
2209 6039 "676 4115 2188 2082 4394 1763 3837 4756 2273 1610 3267 861 3954 1605 330 1972 3522 1575 2305"
2210 6043 2092
2211 6044 "375 1610 1540"
2212 6050 "720 3698 868 2530"
2213 6051 "3291 2092"
2214 6055 "3791 371 432 4188 1354 3291 4389 40 4040 3562 1545 4548 4273 3375 3569 3210 4024 2822 3698 3382"
2215 6057 "3752 1540 2260 4658"
2216 6061 2577
2217 6065 4444
2218 6066 2328
2219 6067 "3200 2577 221 3450 2908"
2220 6071 "2079 1699 765"
2221 6074 "3267 3399 1619"
2222 6075 "3241 1954 883 1886 4744 1879 1492 1835 2131"
2223 6079 4401
2224 6081 3401
2225 6082 1954
2226 6083 161
2227 6084 1396
2228 6087 3313
2229 6089 2070
2230 6090 3205
2231 6093 4744
2232 6095 1110
2233 6100 "1196 248 745 4684 1761 399 4432 2296 4143 1116 2118 970 1582 1243"
2234 6103 "378 2715 2430 4018 765 3489"
2235 6104 1610
2236 6109 997
2237 6110 1727
2238 6111 4422
2239 6113 "4339 376 4430 1169 117 2061 3196 4212 720 1324"
2240 6117 4024
2241 6120 "4364 2969"
2242 6121 "3638 3012 816 1086 3009 3498 3109 4003 4162"
2243 6123 2299
2244 6125 "1390 375"
2245 6126 2748
2246 6133 "3628 1264 2878 4454 187 790 2219 3456 3164 4436 3866 2920 3967 3489 4423 4009 1945 2475 1224 1857"
2247 6135 3106
2248 6138 "555 653"
2249 6141 "3507 475"
2250 6151 4475
2251 6152 "1644 2816 3930"
2252 6154 3241
2253 6159 3385
2254 6160 "282 2681"
2255 6161 837
2256 6165 2092
2257 6167 1945
2258 6168 "3154 3197 2577"
2259 6170 "2299 4467 893"
2260 6175 3534
2261 6178 3368
2262 6179 "1348 4744"
2263 6180 898
2264 6185 "3196 1105"
2265 6187 2039
2266 6188 3450
2267 6190 2092
2268 6191 "2573 2723"
2269 6200 3011
2270 6201 "3653 3936 1105 4242"
2271 6205 "3281 4606 1012"
2272 6208 "3035 1915 3526 2704 1644 546 4640 4498"
2273 6210 "2907 535 3713 3044"
2274 6214 "878 27 760 1978 2577 4553 3693 4113 4083 1761 4579 419 3265 1902 546 595 4631"
2275 6215 "3274 1105"
2276 6218 "2382 4346 4422 77 1610 4670 1285 3291"
2277 6219 4422
2278 6222 "3853 1824 2163 2943 3805 2023"
2279 6224 378
2280 6225 "1359 2044 3897"
2281 6227 604
2282 6230 2382
2283 6233 2815
2284 6235 "4266 1763 1203 893 3450"
2285 6240 4133
2286 6241 378
2287 6243 "3196 3562 3669 353"
2288 6246 3857
2289 6247 "4358 4423 2358 1594"
2290 6249 3576
2291 6251 1627
2292 6254 "213 3687 631 2921 4627 1983 844 4542 2853 3787 1071 242 222 4482 2360 3615 3811 4557 4491 421"
2293 6255 "2032 1742 2571 3817"
2294 6259 "132 3972 4727 1711 3175 478 1136 2136 143 2518"
2295 6263 1373
2296 6264 3864
2297 6268 4312
2298 6273 "358 3560 3197 4237 3026 2451 4647 330"
2299 6278 "3740 951 2577 522 2131 1540"
2300 6281 1699
2301 6282 "1540 375 2313"
2302 6283 2956
2303 6284 3852
2304 6289 1072
2305 6298 "3489 2402 790 187"
2306 6299 3377
2307 6300 "3212 3787 3847 2731 3329 4000 3561 555 2577"
2308 6302 3567
2309 6305 1578
2310 6307 3714
2311 6310 60
2312 6312 "3197 4359"
2313 6315 "2173 375 2443 4021"
2314 6319 3450
2315 6322 "2075 2578 2406 126 2898"
2316 6323 3241
2317 6324 "3348 1135"
2318 6326 3562
2319 6327 "1122 3837 4422 4670 1902"
2320 6334 1540
2321 6335 4339
2322 6340 907
2323 6341 "1236 4401 3562 3837 3972"
2324 6346 782
2325 6347 "4553 4467 535 4422"
2326 6350 "714 1236 2382 375"
2327 6351 "4422 2748 2250"
2328 6359 4744
2329 6362 4376
2330 6370 "2749 4176 4422 997 1323 863"
2331 6372 "3714 3011"
2332 6373 "4141 833"
2333 6375 4401
2334 6376 "140 3527 2112 875 605 1706 4670 18 4647 1013 1505 888 3164 2859 2606"
2335 6378 24
2336 6380 1892
2337 6382 3871
2338 6384 997
2339 6388 "2094 4244 1285 4428 3241 4401 3188 2250"
2340 6390 4741
2341 6397 161
2342 6401 3972
2343 6402 4397
2344 6404 628
2345 6409 4147
2346 6416 "535 838 1931 102 4589 1116 3736 1300 4086 4467"
2347 6418 3197
2348 6421 "2956 1902 1759 1763 2577 1578 4422 2697 2730 1007"
2349 6422 "3126 1759 3686 4401 4475 816 893 116"
2350 6427 "1502 930 2705 4696 658 3009"
2351 6430 "1902 720 3999 2577 2273"
2352 6434 "3154 4548 4401"
2353 6436 3507
2354 6437 4696
2355 6443 3972
2356 6448 "1122 3489 2484 4460 4009 1096 1971 3378 1071 2342"
2357 6449 4024
2358 6451 "1540 3972 1835 2092"
2359 6453 "1553 3534 1236 3972"
2360 6458 "2748 838 1733 1931 2956 4171"
2361 6460 "765 2173 362 2881 940 220 2131 4127 4009 3011 2219 2988 1891"
2362 6462 "816 4519 2044 1600 2092 4401 2720 3669 3972 504"
2363 6463 1115
2364 6464 "326 2577 1891 893 1610 3615 2219"
2365 6469 "1769 4213 2069 282"
2366 6471 "4356 4615"
2367 6472 "1763 1756 1836 2092 2414 931"
2368 6473 "2875 3664 4000 1763"
2369 6474 689
2370 6475 "4542 4422"
2371 6478 "291 2522 711 3464 3441 3254"
2372 6480 2577
2373 6483 256
2374 6484 3945
2375 6487 3373
2376 6489 2530
2377 6494 "4422 4681"
2378 6496 "4380 4286 2159 3866 3534"
2379 6498 375
2380 6501 "3197 2061 1127 1892 2180"
2381 6502 "3967 714 1118 3489"
2382 6503 2921
2383 6505 378
2384 6510 2092
2385 6515 2159
2386 6521 "375 1594"
2387 6525 4562
2388 6527 542
2389 6532 3441
2390 6534 "3241 1214 2009 2873 417 358 2577 1616 3713 1686"
2391 6535 "1203 535"
2392 6536 "2525 4266"
2393 6537 2956
2394 6539 "2770 3197"
2395 6543 "1548 113 4422 2562 1236 2146 3537 2658"
2396 6549 378
2397 6551 3352
2398 6555 2067
2399 6556 3254
2400 6558 2966
2401 6563 "1286 3680 1370 3824"
2402 6566 "2474 1646 3300"
2403 6567 2639
2404 6568 "4744 3667 1649 3196"
2405 6575 "1531 821 1192 456 954 4306 2295"
2406 6576 "3498 2996 4321 2039 1324"
2407 6578 4465
2408 6581 "2577 3866 3713 3562 714 524"
2409 6586 "3274 3740"
2410 6589 "3559 3196 2677 2105 4467 4521 24 3450 1373 1076"
2411 6590 "1350 2748 2305 1199 3205"
2412 6591 2217
2413 6593 1118
2414 6597 1540
2415 6601 1835
2416 6604 1540
2417 6605 "4603 3810 4664 4000 4751"
2418 6608 2484
2419 6610 3871
2420 6613 4298
2421 6620 "2357 1261 295 1958 2362 671"
2422 6625 2393
2423 6627 "4467 2577"
2424 6631 2496
2425 6633 "3452 1621 4000 4422"
2426 6641 2297
2427 6642 "493 4744 3787 2484 2853 1540"
2428 6643 "2594 4000 3456"
2429 6654 "2785 893 3866 1122"
2430 6656 "1953 1105 2578 3967 893 714 4009 4163 3857 3378 446 4187 3714 906 1624 3831 2219 372 1077 3459"
2431 6657 3196
2432 6665 2092
2433 6666 55
2434 6671 "591 2938 208 4086"
2435 6672 660
2436 6675 "337 1077"
2437 6678 1954
2438 6679 378
2439 6680 "2964 1512 2612 1540"
2440 6686 4553
2441 6690 1033
2442 6694 939
2443 6698 2578
2444 6706 1849
2445 6707 "3638 3857 2748 1724 1857"
2446 6712 "3841 838 3399 522"
2447 6714 "3399 4036 1750 628 2763 3979 2773"
2448 6715 "1224 4434 1421 633"
2449 6719 3233
2450 6720 2159
2451 6722 2275
2452 6723 4339
2453 6728 "637 4114"
2454 6732 "2105 1116 2595"
2455 6733 4308
2456 6742 "714 1522"
2457 6743 1640
2458 6744 143
2459 6749 968
2460 6750 32
2461 6754 4622
2462 6755 3603
2463 6756 1531
2464 6757 1540
2465 6758 583
2466 6760 "2402 1077"
2467 6762 "1540 2028 4422 225 27"
2468 6764 3346
2469 6765 2965
2470 6768 "3854 3864 744 1324 3787 4371"
2471 6770 1540
2472 6773 "2578 774"
2473 6774 2219
2474 6776 314
2475 6779 "2586 3378 189"
2476 6780 2039
2477 6781 2786
2478 6784 "4302 1401 3507"
2479 6788 3795
2480 6794 "2612 4159 4102 1601 522 2987 3999 57 3596 2393 4021 2382 989 4498 1218 454 3522 1863 1540 790"
2481 6796 1739
2482 6798 "2851 645 2600 730 3534 247 4422 1835 2987 4438"
2483 6803 436
2484 6804 "985 4339 3010 2730 3831 1135 1759 1326 926 2707 1775 2822 1125 4237 1626"
2485 6806 1122
2486 6809 "2275 3714"
2487 6814 "1069 4469 4498 3280"
2488 6815 "380 3154 2295 1594 1357 2181"
2489 6819 "1667 1203"
2490 6823 3450
2491 6824 "4496 417 3440"
2492 6825 "628 893 161 3507 3281 4478 814 3972 4346"
2493 6826 3197
2494 6831 3241
2495 6832 "4220 4511 3164 1355 940 4380 3378 3628 3638"
2496 6836 "2969 337"
2497 6839 2920
2498 6845 "4178 1077 2131 540 2469 2299 4723 2612 2152 1540 1 1194"
2499 6846 "2473 267 4159 328"
2500 6848 "3072 297 3925 1295 378 748 221 3998 2333"
2501 6850 3281
2502 6854 "3291 3267"
2503 6861 337
2504 6862 "436 522 4467 3674 3516 671 2995 3175"
2505 6863 1540
2506 6864 "419 1780 255 2105 3663 378 464 1616"
2507 6865 1575
2508 6869 1118
2509 6871 2777
2510 6880 3241
2511 6881 "720 1540 4670 2966 2023 4422 3452"
2512 6883 "4491 24 3277 3546"
2513 6889 "4755 2681 1105 947 1540 1588"
2514 6892 116
2515 6893 "1153 3464"
2516 6897 3866
2517 6898 "1041 1170 763 4072 304 1594 3569 4138 769 535 1596 2763 2536 3567"
2518 6906 "1646 4462"
2519 6908 "1236 3520"
2520 6909 "4550 4737 3109 2577 1309 2251 3382 4435 1763 4755 3469 3070 1439 420 2956 1397 4449 3667 3246 223"
2521 6910 282
2522 6914 4459
2523 6915 893
2524 6916 "842 4097"
2525 6918 3196
2526 6920 "4046 423 1933 4021 419 3537 3904 708 4173 2866"
2527 6922 "1122 162 2824 2595 4072 2382 1610 4245 60 4455 653 420"
2528 6929 "436 3507 535 2199"
2529 6930 3824
2530 6933 "132 2308 27"
2531 6934 1952
2532 6936 "1117 4436"
2533 6940 838
2534 6941 2577
2535 6942 3197
2536 6944 2606
2537 6946 419
2538 6951 3963
2539 6954 "3214 4684 4268 3094"
2540 6955 419
2541 6959 1594
2542 6965 3688
2543 6967 "3209 4001 2873"
2544 6972 "3066 3787 2540 2118 399 3370 205 221 3399 2660 3928 436 2893 1540"
2545 6974 1312
2546 6979 4380
2547 6980 1954
2548 6982 "1759 2613 2978 508"
2549 6984 "821 2251"
2550 6989 "3035 3613 311 4332 4478 949 2542 1116 4235"
2551 6992 4401
2552 6994 "3909 1208 3382 4080"
2553 6997 3274
2554 6998 3075
2555 7000 2740
2556 7002 "2783 4423"
2557 7007 3795
2558 7008 3453
2559 7010 "3164 2092 2763"
2560 7013 "4700 1621 1348 2920"
2561 7014 "1566 2577 765 3241"
2562 7015 "3491 501 2681 2382"
2563 7017 "4039 3196 3246 229"
2564 7018 362
2565 7023 "4401 3595 3241"
2566 7025 "405 275 375 27"
2567 7033 "4086 1181 419 2059"
2568 7034 "2038 4264 3092"
2569 7036 3205
2570 7037 893
2571 7038 1503
2572 7041 "3669 893 1243 714 4542 27 1734 1835 4548 189 3507 2577"
2573 7043 "4233 3360 132 4309 1540 4303 4439 4091"
2574 7045 2577
2575 7050 2655
2576 7053 2577
2577 7055 "2381 1228"
2578 7056 3467
2579 7057 3281
2580 7060 3017
2581 7062 1757
2582 7064 "3547 1847"
2583 7065 421
2584 7066 "2042 27 208 1494"
2585 7068 "1309 1348 3450 4086 3092 4744 2804 542 3569 959 1902 2577 399 231 27 2305 760 1139 2883 604"
2586 7078 "421 3507 1171 3300"
2587 7082 4216
2588 7084 "1600 4519 46 4122"
2589 7085 2147
2590 7088 "844 350 24 693 157 4122 3267 4581 3714 61 671 3319 2612 1521 2299 4495 4548 2881 1958"
2591 7092 "1901 4036 762 1306 2219 1773 2092 291 4000 3696 920 2615 1646 4401"
2592 7098 "1540 1238"
2593 7099 "1568 485 3829 2822 3882 4363 3367 4024 4367 1163 3687 2419 3467 4321 1728 967 1203 4489"
2594 7101 337
2595 7103 3714
2596 7104 "3660 1224"
2597 7108 4422
2598 7118 "4366 4642 3154 3615 222 3450 1790"
2599 7120 3967
2600 7126 "48 2305 686 1540 1348"
2601 7127 1540
2602 7132 "2639 3866 1077"
2603 7134 "2371 4122 1203 2789 3972 628 3246 2736 3149 2159"
2604 7135 "2748 3197"
2605 7136 "275 3767"
2606 7141 1122
2607 7142 "4627 3464 2159 1408 2357 1873 1544 2881"
2608 7146 378
2609 7147 "2358 2763"
2610 7148 4738
2611 7149 "1115 4659 3450 3537 4045 3800"
2612 7151 "1540 3534"
2613 7152 1935
2614 7153 "4123 1759"
2615 7161 "3564 208 977"
2616 7166 838
2617 7167 "2929 2577 2023 3859"
2618 7170 "2153 2131 3837 3450 3300 4159 1067 1902 1835 906 3197 3714 2382 4519 3135 2850 2159 4444 24 2105"
2619 7172 "4171 1726 3116 4589 815 2354 1108 632 3298 4189 4659 1006 330"
2620 7176 41
2621 7178 3569
2622 7180 "2362 3999"
2623 7182 893
2624 7184 757
2625 7185 2234
2626 7186 1105
2627 7189 "4408 423 404 307 2484 3452 760 1952 4664"
2628 7190 2536
2629 7192 "4465 2092"
2630 7194 2626
2631 7195 "1499 1139 1283 1686 2517 4744"
2632 7199 "4542 24"
2633 7202 "3866 359 3556 3241 40 1540"
2634 7203 "1862 217 2655 2612"
2635 7205 3534
2636 7208 "1122 2092"
2637 7209 2026
2638 7212 "1945 1954 1502 3401"
2639 7215 3978
2640 7216 1578
2641 7220 "4302 4072"
2642 7222 2251
2643 7224 "4475 2763"
2644 7227 "4159 2293"
2645 7229 247
2646 7240 "1544 959 1892 355 3246 816 3418 2789 3447 359 4511 2041 4430 838"
2647 7241 4709
2648 7243 "4584 1835 456 2219 2342 239 4738 2173 2382 24 1699 242 2187 3713 2921 3866 2092 1077 2577 522"
2649 7245 "2577 4029 1540 522"
2650 7247 378
2651 7248 "4028 1505 2748 3762 535 1886 4422 2059 3569 2647 2956 800"
2652 7249 4422
2653 7256 "451 1773 4308 1285 3197 2522 3308 3593 4405 933 78 1309 3018 1502 103 3456 2164 4678 3152 1760"
2654 7258 1773
2655 7260 "3609 4546 742 2131 985 1589 1945 3999"
2656 7261 3824
2657 7263 4055
2658 7265 "997 1596"
2659 7266 2092
2660 7271 "2251 3912"
2661 7275 616
2662 7277 "1122 3429 421 258 27 1758 1996 1763 3385 3291"
2663 7281 "421 1540 3254"
2664 7285 "2705 2131 671 4023 4104 2275 4562 3718 1348 1578 3713 118 3241 24 3507 1954 2362 1824 2039 1224"
2665 7286 "4122 1542 1540 2660 893 4579"
2666 7290 2092
2667 7291 4379
2668 7293 "893 1619 3411 1850"
2669 7297 790
2670 7298 4000
2671 7299 1540
2672 7301 "4423 4523 3293 1404 4178 1464 2580 3011 3866 842"
2673 7304 4422
2674 7308 1029
2675 7309 "3694 1118 1099 1746 3120 1775"
2676 7312 3753
2677 7313 2039
2678 7314 "3196 3866"
2679 7316 "2365 3154 816 161"
2680 7317 "4738 3520"
2681 7318 734
2682 7319 "3401 4696 3456 2474 1857 2441 1619 1722 330 3656 3373 2321 1609 2311 33 3320 3009"
2683 7324 2393
2684 7326 4422
2685 7333 1372
2686 7335 "1336 971 4521"
2687 7336 "2782 1578 1610 2577 4422 3378 3866 2358 4670 4548"
2688 7340 2474
2689 7345 "1540 398 2484"
2690 7346 2748
2691 7350 "4465 3381 3515 189"
2692 7351 1578
2693 7353 "4548 429"
2694 7354 2577
2695 7355 4485
2696 7357 "1507 2159 1853 3450 4092 2310 421 3841 2307 3713 1635 4024 1880 1902 4558 3829 12 2180 3571 78"
2697 7360 "1499 3562 4367 3196 1476 2577 3569 2159"
2698 7361 "146 997"
2699 7363 2039
2700 7367 2908
2701 7368 "3173 3011"
2702 7369 "1348 2822"
2703 7380 "405 3897 1206"
2704 7381 "3631 1045 2498 109 542"
2705 7383 "242 4542 4068"
2706 7384 2577
2707 7385 "4072 2092 3740"
2708 7386 330
2709 7388 1950
2710 7390 1179
2711 7398 595
2712 7400 "1800 24 3534 4548 3378"
2713 7401 1578
2714 7403 "790 2131 2205 4040 3740 4009"
2715 7404 1601
2716 7406 "4553 282 2577 768"
2717 7411 "914 2174 4301 322"
2718 7412 "402 2159 893 2695"
2719 7413 "1596 2484 1703 2763 4467"
2720 7415 "422 2484 1841 2915 1763 475 945 1492 2531 977 2382 4744"
2721 7423 4589
2722 7426 893
2723 7431 1135
2724 7435 "3972 4113 893 2484"
2725 7436 "3972 3567 3562"
2726 7438 4380
2727 7442 "1105 757 3382 3374 3615 4426 46 3024 1624 2624 2270 569 3241 3936 3216 3534 1419 224"
2728 7443 1373
2729 7445 4022
2730 7448 "2092 2484 3507"
2731 7449 "4589 113 3693 4553 4735 27 2861"
2732 7451 2041
2733 7452 4744
2734 7453 1578
2735 7454 "3562 3279 4001 2644 2578 3911 1224 4748 3373 4543 4113 369"
2736 7456 3534
2737 7463 765
2738 7465 3866
2739 7468 3241
2740 7471 "2352 4407 491 3505 1860 2096 4266 2678 3001 3196"
2741 7472 "2039 1077 4422 3507"
2742 7473 2974
2743 7474 "1610 2299 2342 518 37 720"
2744 7477 "4054 2748 1835 2251 4467 1135"
2745 7478 2494
2746 7479 3452
2747 7483 1806
2748 7490 "2474 3378 2469"
2749 7491 "3046 4589 3433 833 350 4735"
2750 7493 "3866 4000 3871"
2751 7494 "41 1077 1945 1566 3401 1857 4632 2395 3871 2578 4636 3114"
2752 7495 1169
2753 7499 3106
2754 7503 3399
2755 7506 1610
2756 7508 2251
2757 7512 "1503 1355"
2758 7514 124
2759 7518 "3233 3787"
2760 7520 "2770 3967 4068 2920 1540 274 3698 4380 1505 1969 2173 2966 994 4670 3638 2073 3714"
2761 7521 "2730 2474"
2762 7526 "3373 522"
2763 7530 "3385 3544 2153 2484 3461 2577"
2764 7531 2092
2765 7532 "1466 3419 1759 1283"
2766 7539 "4523 3638 4423 1945"
2767 7544 1540
2768 7546 378
2769 7547 "3274 3241 1105 4071 3615 1355 2131 4009 3871 1566 2998 1 2770 4562 3638 3963"
2770 7549 4416
2771 7552 "1646 3175 1139 1739 4449 2883"
2772 7554 350
2773 7561 "375 1122"
2774 7562 2996
2775 7564 "838 378 1072 225"
2776 7566 4114
2777 7572 4744
2778 7573 3507
2779 7574 "24 3373 2850"
2780 7576 1540
2781 7578 "27 1780"
2782 7580 3241
2783 7582 "4467 3233 417 628 2148 3795"
2784 7584 3615
2785 7586 "2578 2402 1077"
2786 7590 "4250 63 4557 3246 3145 3159"
2787 7593 3507
2788 7595 "1505 1621 417 3569"
2789 7597 3401
2790 7599 "3714 4346 2029 4548 1077 4401 2430 576 3972 2180 2981 1203"
2791 7604 3399
2792 7607 326
2793 7611 1236
2794 7619 1883
2795 7621 546
2796 7623 "1566 417 290 1270 4413 2148 2018 1179 1532 256"
2797 7631 3999
2798 7633 "658 4422"
2799 7636 2382
2800 7638 3567
2801 7639 "4182 4273 1014 2577"
2802 7640 2748
2803 7642 "557 3667 1540 697 3450 358 3821 247 1954"
2804 7644 "3197 2039 3300 3018 1540 753 3281 1610 2730 3972 4519 4401 2131"
2805 7649 436
2806 7650 "3154 2577 3534 4706"
2807 7651 "2092 3539 1936 1748 3667 838 4141 3811"
2808 7652 "1870 468 1095 4306 4491 1374 1286 1646 3353 4465 3983 1598 4467 4748"
2809 7653 330
2810 7654 "2763 1945 2474"
2811 7655 3831
2812 7656 "3154 671 1324"
2813 7670 1451
2814 7671 1610
2815 7672 3291
2816 7674 4401
2817 7680 3053
2818 7685 "3533 1932"
2819 7687 "4511 1945"
2820 7691 "1077 2747 4148 67"
2821 7695 3399
2822 7699 802
2823 7701 1540
2824 7704 633
2825 7706 2117
2826 7707 "3669 3154 4670 1588 616 1540 2816 4519 2577 1273 3999 4246 1600 1624"
2827 7708 1805
2828 7709 4401
2829 7710 3667
2830 7712 "378 3291 861 4001"
2831 7716 "2382 3983 842"
2832 7718 295
2833 7719 "4751 3507 3291 3553"
2834 7722 "2382 821"
2835 7724 4039
2836 7732 "2956 997 1835 2573"
2837 7734 1835
2838 7735 "4021 2136 4528 3135 4144 2565 350 2239 2835 1105"
2839 7737 "1578 2577"
2840 7738 1540
2841 7740 1945
2842 7741 "2536 1007 821 1835 4370 2643 3135 4751 3561 2101 4059 3866 3197 3669 3329 1179"
2843 7742 2251
2844 7746 "378 874 2791 1117"
2845 7753 4223
2846 7754 "4502 4122"
2847 7756 "4523 3660 2223 1575 375 989 3667 1732 291 4423 3534 1127"
2848 7758 "4763 1179"
2849 7766 2148
2850 7768 4422
2851 7769 295
2852 7774 "4306 930"
2853 7778 "1968 1540"
2854 7780 350
2855 7781 2044
2856 7782 161
2857 7785 "3241 4422 4401 4548"
2858 7786 "1773 1610 487 4422 1686"
2859 7790 3795
2860 7793 375
2861 7795 1241
2862 7796 4670
2863 7798 "3267 838"
2864 7807 893
2865 7808 2340
2866 7810 "568 1855"
2867 7815 "1754 893"
2868 7818 4475
2869 7819 "842 1077 4422 857"
2870 7820 4020
2871 7822 "3274 4068 4523 4004 3241 4206 4401 2530"
2872 7825 "242 1891 1879 3751 3866 4480"
2873 7830 1773
2874 7832 1505
2875 7834 "3471 2853 807 3329 795"
2876 7843 "1857 1293 1355 3233"
2877 7844 3967
2878 7845 "2794 3268 3824 3339 1624 930 3411 4744 3378 788 2993 1983"
2879 7851 "1540 4305 43 146 1104 3948 2518"
2880 7854 4548
2881 7855 1763
2882 7856 2305
2883 7857 "3241 1954 3566"
2884 7858 "4054 3197 2313 1249 3489 3154 4339 375 1122 2730 2173 1105"
2885 7859 3507
2886 7865 539
2887 7866 1954
2888 7867 4422
2889 7868 3653
2890 7870 "2960 57 3352 4000"
2891 7871 "3901 1835 2730 4613 3443 3489 216 3567 4523 2612 8 3450 4160 2382 4080 2577 2948 2586 1566 4135"
2892 7872 "3711 4122 1721"
2893 7874 2153
2894 7875 "3795 4744 2311"
2895 7878 "2118 2677"
2896 7879 "1499 350 2159 3011 947 1139"
2897 7881 "24 3562"
2898 7882 "2059 1203"
2899 7883 2126
2900 7884 "3210 3009 1892 4496 997 3544 4335 1635 1872 4072 4339 3934 952 3411 3944 1285 362 3196 3871 3667"
2901 7892 421
2902 7893 3921
2903 7896 "1566 4422 3534 869 1118 1945"
2904 7897 "1324 2735"
2905 7900 "4107 4542 4009 2079 3241 2687 2842 947"
2906 7902 3197
2907 7904 "3482 3011 865 649 2149 1902 2881 4511 352 4308 3999 1071 893 4273 3534 1752"
2908 7905 2058
2909 7907 4423
2910 7908 4031
2911 7914 2273
2912 7918 "1566 417 3824 2987"
2913 7923 402
2914 7925 "3376 359 759 95"
2915 7926 "24 4744 4422 2846"
2916 7928 "3900 2730 1018 985 4021 1399"
2917 7934 1236
2918 7935 "1610 3288 4594 2577 816 1902 790"
2919 7937 "2564 4306 4114 1309 1550 960 2059 4607 4449 3197 732 816 2136"
2920 7938 "1013 152 3522 223 2697 2920 1610 3235"
2921 7939 4115
2922 7940 1505
2923 7941 4213
2924 7943 2847
2925 7944 3197
2926 7952 838
2927 7953 3077
2928 7963 "1889 1096 1984"
2929 7966 "24 4659"
2930 7971 3155
2931 7973 "1139 4751 3135 3543 4024 1835 2151 2987 3866 2105 4345 1902 3591 2305 247 2153 3267 857 378 790"
2932 7975 "1605 3450 132 2693 2382 535"
2933 7978 "3569 3739 2577"
2934 7979 "1118 324 3452 2362 950 2956"
2935 7982 893
2936 7984 4406
2937 7985 324
2938 7988 "4548 3566 3401"
2939 7989 "3238 760 2132 1540 208 4309"
2940 7991 1271
2941 7992 "3921 4390 2577 1540"
2942 7996 1763
2943 8000 "1610 1835 2092"
2944 8002 "2579 3197 2117"
2945 8004 3871
2946 8006 1594
2947 8009 1196
2948 8011 2577
2949 8018 3438
2950 8021 "4306 1824 1348 1139 2251 3613 1610"
2951 8022 "3464 1113 3841"
2952 8024 "930 1224 24 421 790 3740 893 1071 4401 2148"
2953 8026 322
2954 8027 "1744 2920 3410 540"
2955 8032 "2777 1168 95 783 417"
2956 8035 "1759 4320 4116 1203 1835 3198 790 3800"
2957 8036 "1540 3401 3669 274 1953 1071 2299 4548"
